    Timestep          Time             Y          Rise        Inflow
      number                    centroid      velocity      velocity
           1   2.00000E-03   2.13473E-18   3.43712E-02  -8.00524E-16
           2   4.00000E-03   6.92942E-05   4.46035E-02  -1.71856E-02
           3   6.00000E-03   1.58721E-04   4.44525E-02  -3.96253E-02
           4   8.00000E-03   2.47272E-04   4.04375E-02  -6.19066E-02
           5   1.00000E-02   3.27093E-04   3.54054E-02  -8.20368E-02
           6   1.20000E-02   3.96285E-04   3.05497E-02  -9.94758E-02
           7   1.40000E-02   4.55436E-04   2.60094E-02  -1.14346E-01
           8   1.60000E-02   5.05115E-04   2.20807E-02  -1.26864E-01
           9   1.80000E-02   5.46861E-04   1.86320E-02  -1.37319E-01
          10   2.00000E-02   5.81610E-04   1.57701E-02  -1.46031E-01
          11   2.20000E-02   6.10541E-04   1.33365E-02  -1.53288E-01
          12   2.40000E-02   6.34685E-04   1.13294E-02  -1.59304E-01
          13   2.60000E-02   6.54775E-04   9.69151E-03  -1.64336E-01
          14   2.80000E-02   6.71512E-04   8.33170E-03  -1.68539E-01
          15   3.00000E-02   6.85569E-04   7.11130E-03  -1.72044E-01
          16   3.20000E-02   6.97186E-04   6.08032E-03  -1.74948E-01
          17   3.40000E-02   7.06727E-04   5.19794E-03  -1.77337E-01
          18   3.60000E-02   7.14411E-04   4.54234E-03  -1.79281E-01
          19   3.80000E-02   7.20839E-04   3.97887E-03  -1.80874E-01
          20   4.00000E-02   7.26236E-04   3.45475E-03  -1.82199E-01
          21   4.20000E-02   7.30574E-04   3.06192E-03  -1.83286E-01
          22   4.40000E-02   7.34085E-04   2.70637E-03  -1.84174E-01
          23   4.60000E-02   7.36765E-04   2.42978E-03  -1.84874E-01
          24   4.80000E-02   7.38915E-04   2.24102E-03  -1.85406E-01
          25   5.00000E-02   7.40795E-04   2.02375E-03  -1.85849E-01
          26   5.20000E-02   7.42112E-04   1.84918E-03  -1.86211E-01
          27   5.40000E-02   7.43048E-04   1.62609E-03  -1.86452E-01
          28   5.60000E-02   7.43487E-04   1.63825E-03  -1.86575E-01
          29   5.80000E-02   7.43926E-04   1.70433E-03  -1.86691E-01
          30   6.00000E-02   7.44518E-04   1.76452E-03  -1.86834E-01
          31   6.20000E-02   7.45226E-04   1.78439E-03  -1.87012E-01
          32   6.40000E-02   7.45995E-04   1.79110E-03  -1.87199E-01
          33   6.60000E-02   7.46795E-04   1.80635E-03  -1.87394E-01
          34   6.80000E-02   7.47601E-04   1.80475E-03  -1.87602E-01
          35   7.00000E-02   7.48521E-04   1.74976E-03  -1.87803E-01
          36   7.20000E-02   7.49251E-04   1.63893E-03  -1.88005E-01
          37   7.40000E-02   7.49878E-04   1.57160E-03  -1.88132E-01
          38   7.60000E-02   7.50303E-04   1.46840E-03  -1.88255E-01
          39   7.80000E-02   7.50484E-04   1.36379E-03  -1.88310E-01
          40   8.00000E-02   7.50541E-04   1.23435E-03  -1.88303E-01
          41   8.20000E-02   7.50367E-04   1.11788E-03  -1.88252E-01
          42   8.40000E-02   7.49893E-04   1.12848E-03  -1.88151E-01
          43   8.60000E-02   7.49452E-04   1.17766E-03  -1.88038E-01
          44   8.80000E-02   7.49074E-04   1.19946E-03  -1.87952E-01
          45   9.00000E-02   7.48807E-04   1.19085E-03  -1.87868E-01
          46   9.20000E-02   7.48640E-04   1.16044E-03  -1.87797E-01
          47   9.40000E-02   7.48388E-04   1.13165E-03  -1.87740E-01
          48   9.60000E-02   7.48032E-04   1.17300E-03  -1.87663E-01
          49   9.80000E-02   7.47714E-04   1.18408E-03  -1.87594E-01
          50   1.00000E-01   7.47490E-04   1.30430E-03  -1.87521E-01
          51   1.02000E-01   7.47617E-04   1.43797E-03  -1.87525E-01
          52   1.04000E-01   7.48134E-04   1.56807E-03  -1.87623E-01
          53   1.06000E-01   7.48994E-04   1.61394E-03  -1.87818E-01
          54   1.08000E-01   7.50009E-04   1.53950E-03  -1.88056E-01
          55   1.10000E-01   7.51070E-04   1.50153E-03  -1.88272E-01
          56   1.12000E-01   7.52083E-04   1.38792E-03  -1.88518E-01
          57   1.14000E-01   7.53116E-04   1.29150E-03  -1.88715E-01
          58   1.16000E-01   7.54097E-04   1.17121E-03  -1.88925E-01
          59   1.18000E-01   7.54817E-04   1.08245E-03  -1.89110E-01
          60   1.20000E-01   7.55344E-04   1.06463E-03  -1.89245E-01
          61   1.22000E-01   7.55837E-04   1.07662E-03  -1.89368E-01
          62   1.24000E-01   7.56340E-04   1.10271E-03  -1.89498E-01
          63   1.26000E-01   7.56855E-04   1.14331E-03  -1.89636E-01
          64   1.28000E-01   7.57436E-04   1.16614E-03  -1.89786E-01
          65   1.30000E-01   7.58001E-04   1.10882E-03  -1.89942E-01
          66   1.32000E-01   7.58502E-04   1.00272E-03  -1.90055E-01
          67   1.34000E-01   7.58748E-04   8.86403E-04  -1.90127E-01
          68   1.36000E-01   7.58815E-04   8.31167E-04  -1.90130E-01
          69   1.38000E-01   7.58868E-04   7.92410E-04  -1.90119E-01
          70   1.40000E-01   7.58848E-04   7.13817E-04  -1.90113E-01
          71   1.42000E-01   7.58615E-04   7.22412E-04  -1.90069E-01
          72   1.44000E-01   7.58265E-04   8.09954E-04  -1.90015E-01
          73   1.46000E-01   7.57997E-04   8.62608E-04  -1.89971E-01
          74   1.48000E-01   7.57800E-04   9.09601E-04  -1.89930E-01
          75   1.50000E-01   7.57418E-04   8.89608E-04  -1.89905E-01
          76   1.52000E-01   7.56950E-04   9.66316E-04  -1.89799E-01
          77   1.54000E-01   7.56621E-04   1.08801E-03  -1.89721E-01
          78   1.56000E-01   7.56513E-04   1.16936E-03  -1.89699E-01
          79   1.58000E-01   7.56599E-04   1.24737E-03  -1.89713E-01
          80   1.60000E-01   7.56879E-04   1.28974E-03  -1.89773E-01
          81   1.62000E-01   7.57262E-04   1.31881E-03  -1.89865E-01
          82   1.64000E-01   7.57800E-04   1.32145E-03  -1.89975E-01
          83   1.66000E-01   7.58345E-04   1.30405E-03  -1.90111E-01
          84   1.68000E-01   7.58869E-04   1.27995E-03  -1.90238E-01
          85   1.70000E-01   7.59351E-04   1.26685E-03  -1.90357E-01
          86   1.72000E-01   7.59857E-04   1.23195E-03  -1.90471E-01
          87   1.74000E-01   7.60363E-04   1.23585E-03  -1.90580E-01
          88   1.76000E-01   7.60899E-04   1.19138E-03  -1.90709E-01
          89   1.78000E-01   7.61375E-04   1.17824E-03  -1.90820E-01
          90   1.80000E-01   7.61882E-04   1.16102E-03  -1.90933E-01
          91   1.82000E-01   7.62373E-04   1.12108E-03  -1.91051E-01
          92   1.84000E-01   7.62792E-04   1.08761E-03  -1.91154E-01
          93   1.86000E-01   7.63191E-04   1.04537E-03  -1.91242E-01
          94   1.88000E-01   7.63495E-04   1.01271E-03  -1.91320E-01
          95   1.90000E-01   7.63672E-04   1.03709E-03  -1.91380E-01
          96   1.92000E-01   7.63940E-04   1.01340E-03  -1.91436E-01
          97   1.94000E-01   7.64137E-04   1.00714E-03  -1.91492E-01
          98   1.96000E-01   7.64349E-04   1.05043E-03  -1.91538E-01
          99   1.98000E-01   7.64636E-04   1.03963E-03  -1.91613E-01
         100   2.00000E-01   7.64990E-04   1.03304E-03  -1.91679E-01
         101   2.02000E-01   7.65327E-04   1.00120E-03  -1.91764E-01
         102   2.04000E-01   7.65585E-04   9.93541E-04  -1.91832E-01
         103   2.06000E-01   7.65863E-04   9.54370E-04  -1.91893E-01
         104   2.08000E-01   7.66074E-04   9.56731E-04  -1.91943E-01
         105   2.10000E-01   7.66274E-04   9.43812E-04  -1.91997E-01
         106   2.12000E-01   7.66473E-04   9.36051E-04  -1.92040E-01
         107   2.14000E-01   7.66666E-04   9.06778E-04  -1.92086E-01
         108   2.16000E-01   7.66803E-04   8.54808E-04  -1.92120E-01
         109   2.18000E-01   7.66867E-04   8.31035E-04  -1.92128E-01
         110   2.20000E-01   7.66907E-04   7.89928E-04  -1.92132E-01
         111   2.22000E-01   7.66823E-04   8.00664E-04  -1.92122E-01
         112   2.24000E-01   7.66777E-04   8.22248E-04  -1.92106E-01
         113   2.26000E-01   7.66730E-04   8.28355E-04  -1.92105E-01
         114   2.28000E-01   7.66725E-04   8.35099E-04  -1.92097E-01
         115   2.30000E-01   7.66766E-04   8.29748E-04  -1.92099E-01
         116   2.32000E-01   7.66816E-04   8.45776E-04  -1.92106E-01
         117   2.34000E-01   7.66904E-04   8.34850E-04  -1.92127E-01
         118   2.36000E-01   7.66994E-04   8.18323E-04  -1.92143E-01
         119   2.38000E-01   7.67054E-04   7.99418E-04  -1.92158E-01
         120   2.40000E-01   7.67061E-04   8.01489E-04  -1.92163E-01
         121   2.42000E-01   7.67098E-04   7.97914E-04  -1.92166E-01
         122   2.44000E-01   7.67118E-04   7.95126E-04  -1.92174E-01
         123   2.46000E-01   7.67138E-04   7.35692E-04  -1.92177E-01
         124   2.48000E-01   7.67036E-04   8.17868E-04  -1.92152E-01
         125   2.50000E-01   7.67139E-04   7.92904E-04  -1.92168E-01
         126   2.52000E-01   7.67210E-04   7.32664E-04  -1.92181E-01
         127   2.54000E-01   7.67155E-04   7.58410E-04  -1.92169E-01
         128   2.56000E-01   7.67165E-04   7.38286E-04  -1.92168E-01
         129   2.58000E-01   7.67151E-04   7.20985E-04  -1.92160E-01
         130   2.60000E-01   7.67093E-04   7.29822E-04  -1.92148E-01
         131   2.62000E-01   7.67063E-04   6.95478E-04  -1.92138E-01
         132   2.64000E-01   7.66925E-04   7.29864E-04  -1.92114E-01
         133   2.66000E-01   7.66870E-04   7.08351E-04  -1.92096E-01
         134   2.68000E-01   7.66736E-04   7.21245E-04  -1.92072E-01
         135   2.70000E-01   7.66635E-04   7.38262E-04  -1.92045E-01
         136   2.72000E-01   7.66561E-04   7.30578E-04  -1.92028E-01
         137   2.74000E-01   7.66487E-04   7.42202E-04  -1.92005E-01
         138   2.76000E-01   7.66398E-04   7.28841E-04  -1.91993E-01
         139   2.78000E-01   7.66266E-04   7.27654E-04  -1.91964E-01
         140   2.80000E-01   7.66134E-04   7.01822E-04  -1.91930E-01
         141   2.82000E-01   7.65932E-04   6.94752E-04  -1.91884E-01
         142   2.84000E-01   7.65735E-04   6.93790E-04  -1.91830E-01
         143   2.86000E-01   7.65553E-04   6.90344E-04  -1.91781E-01
         144   2.88000E-01   7.65331E-04   6.64491E-04  -1.91733E-01
         145   2.90000E-01   7.65078E-04   6.47178E-04  -1.91665E-01
         146   2.92000E-01   7.64798E-04   6.29435E-04  -1.91593E-01
         147   2.94000E-01   7.64498E-04   6.09036E-04  -1.91514E-01
         148   2.96000E-01   7.64183E-04   5.99292E-04  -1.91429E-01
         149   2.98000E-01   7.63851E-04   5.88103E-04  -1.91345E-01
         150   3.00000E-01   7.63527E-04   5.88533E-04  -1.91257E-01
         151   3.02000E-01   7.63249E-04   5.95489E-04  -1.91176E-01
         152   3.04000E-01   7.63024E-04   6.15874E-04  -1.91110E-01
         153   3.06000E-01   7.62841E-04   6.09267E-04  -1.91064E-01
         154   3.08000E-01   7.62619E-04   5.95339E-04  -1.91015E-01
         155   3.10000E-01   7.62358E-04   5.85269E-04  -1.90953E-01
         156   3.12000E-01   7.62054E-04   6.11505E-04  -1.90882E-01
         157   3.14000E-01   7.61786E-04   6.35503E-04  -1.90819E-01
         158   3.16000E-01   7.61558E-04   6.57363E-04  -1.90764E-01
         159   3.18000E-01   7.61379E-04   6.84649E-04  -1.90718E-01
         160   3.20000E-01   7.61267E-04   7.02685E-04  -1.90687E-01
         161   3.22000E-01   7.61199E-04   7.15072E-04  -1.90668E-01
         162   3.24000E-01   7.61158E-04   7.35331E-04  -1.90657E-01
         163   3.26000E-01   7.61155E-04   7.46742E-04  -1.90657E-01
         164   3.28000E-01   7.61178E-04   7.37844E-04  -1.90662E-01
         165   3.30000E-01   7.61161E-04   7.39746E-04  -1.90663E-01
         166   3.32000E-01   7.61146E-04   7.34614E-04  -1.90660E-01
         167   3.34000E-01   7.61159E-04   7.25141E-04  -1.90654E-01
         168   3.36000E-01   7.61145E-04   7.18292E-04  -1.90652E-01
         169   3.38000E-01   7.61127E-04   7.19457E-04  -1.90645E-01
         170   3.40000E-01   7.61158E-04   7.04004E-04  -1.90641E-01
         171   3.42000E-01   7.61177E-04   6.60332E-04  -1.90641E-01
         172   3.44000E-01   7.61120E-04   6.50736E-04  -1.90624E-01
         173   3.46000E-01   7.61078E-04   6.23178E-04  -1.90605E-01
         174   3.48000E-01   7.61009E-04   5.99183E-04  -1.90581E-01
         175   3.50000E-01   7.60905E-04   5.92687E-04  -1.90552E-01
         176   3.52000E-01   7.60802E-04   6.01013E-04  -1.90523E-01
         177   3.54000E-01   7.60775E-04   6.17158E-04  -1.90501E-01
         178   3.56000E-01   7.60755E-04   6.14485E-04  -1.90502E-01
         179   3.58000E-01   7.60778E-04   6.20013E-04  -1.90496E-01
         180   3.60000E-01   7.60782E-04   6.24487E-04  -1.90504E-01
         181   3.62000E-01   7.60775E-04   6.26093E-04  -1.90508E-01
         182   3.64000E-01   7.60765E-04   6.41951E-04  -1.90507E-01
         183   3.66000E-01   7.60783E-04   6.77583E-04  -1.90512E-01
         184   3.68000E-01   7.60843E-04   6.95654E-04  -1.90535E-01
         185   3.70000E-01   7.60944E-04   7.05651E-04  -1.90558E-01
         186   3.72000E-01   7.61065E-04   7.19118E-04  -1.90589E-01
         187   3.74000E-01   7.61188E-04   7.19533E-04  -1.90626E-01
         188   3.76000E-01   7.61287E-04   7.09466E-04  -1.90657E-01
         189   3.78000E-01   7.61353E-04   7.07074E-04  -1.90676E-01
         190   3.80000E-01   7.61395E-04   7.01193E-04  -1.90692E-01
         191   3.82000E-01   7.61405E-04   6.74548E-04  -1.90699E-01
         192   3.84000E-01   7.61346E-04   6.49020E-04  -1.90689E-01
         193   3.86000E-01   7.61201E-04   6.30981E-04  -1.90661E-01
         194   3.88000E-01   7.61005E-04   6.63849E-04  -1.90616E-01
         195   3.90000E-01   7.60858E-04   6.75371E-04  -1.90583E-01
         196   3.92000E-01   7.60733E-04   6.86655E-04  -1.90552E-01
         197   3.94000E-01   7.60688E-04   7.01138E-04  -1.90527E-01
         198   3.96000E-01   7.60687E-04   7.00807E-04  -1.90523E-01
         199   3.98000E-01   7.60690E-04   6.92076E-04  -1.90522E-01
         200   4.00000E-01   7.60628E-04   7.08843E-04  -1.90518E-01
         201   4.02000E-01   7.60578E-04   7.19670E-04  -1.90512E-01
         202   4.04000E-01   7.60526E-04   7.22400E-04  -1.90504E-01
         203   4.06000E-01   7.60463E-04   6.99969E-04  -1.90493E-01
         204   4.08000E-01   7.60315E-04   6.92202E-04  -1.90466E-01
         205   4.10000E-01   7.60151E-04   7.10602E-04  -1.90425E-01
         206   4.12000E-01   7.60019E-04   7.18817E-04  -1.90393E-01
         207   4.14000E-01   7.59927E-04   7.30658E-04  -1.90364E-01
         208   4.16000E-01   7.59861E-04   7.25950E-04  -1.90347E-01
         209   4.18000E-01   7.59760E-04   7.19818E-04  -1.90328E-01
         210   4.20000E-01   7.59646E-04   6.98119E-04  -1.90300E-01
         211   4.22000E-01   7.59496E-04   6.90237E-04  -1.90261E-01
         212   4.24000E-01   7.59321E-04   6.96835E-04  -1.90219E-01
         213   4.26000E-01   7.59145E-04   7.18124E-04  -1.90179E-01
         214   4.28000E-01   7.58998E-04   7.42231E-04  -1.90145E-01
         215   4.30000E-01   7.58935E-04   7.62263E-04  -1.90121E-01
         216   4.32000E-01   7.58856E-04   7.71418E-04  -1.90115E-01
         217   4.34000E-01   7.58828E-04   7.91962E-04  -1.90100E-01
         218   4.36000E-01   7.58809E-04   8.05152E-04  -1.90103E-01
         219   4.38000E-01   7.58809E-04   8.29156E-04  -1.90105E-01
         220   4.40000E-01   7.58923E-04   8.76666E-04  -1.90117E-01
         221   4.42000E-01   7.59104E-04   8.62403E-04  -1.90169E-01
         222   4.44000E-01   7.59266E-04   9.04210E-04  -1.90207E-01
         223   4.46000E-01   7.59537E-04   9.06549E-04  -1.90269E-01
         224   4.48000E-01   7.59815E-04   9.47140E-04  -1.90337E-01
         225   4.50000E-01   7.60203E-04   9.54573E-04  -1.90427E-01
         226   4.52000E-01   7.60582E-04   9.53032E-04  -1.90528E-01
         227   4.54000E-01   7.60938E-04   9.37030E-04  -1.90622E-01
         228   4.56000E-01   7.61268E-04   9.15086E-04  -1.90703E-01
         229   4.58000E-01   7.61562E-04   8.69125E-04  -1.90774E-01
         230   4.60000E-01   7.61726E-04   8.41950E-04  -1.90825E-01
         231   4.62000E-01   7.61878E-04   8.25540E-04  -1.90852E-01
         232   4.64000E-01   7.61962E-04   8.06825E-04  -1.90882E-01
         233   4.66000E-01   7.62036E-04   8.23639E-04  -1.90894E-01
         234   4.68000E-01   7.62130E-04   8.34260E-04  -1.90921E-01
         235   4.70000E-01   7.62241E-04   8.42582E-04  -1.90950E-01
         236   4.72000E-01   7.62381E-04   8.52392E-04  -1.90981E-01
         237   4.74000E-01   7.62593E-04   8.69533E-04  -1.91021E-01
         238   4.76000E-01   7.62835E-04   8.67618E-04  -1.91083E-01
         239   4.78000E-01   7.63052E-04   8.67486E-04  -1.91143E-01
         240   4.80000E-01   7.63282E-04   8.64069E-04  -1.91197E-01
         241   4.82000E-01   7.63498E-04   8.69364E-04  -1.91253E-01
         242   4.84000E-01   7.63745E-04   8.52627E-04  -1.91309E-01
         243   4.86000E-01   7.63994E-04   8.16534E-04  -1.91363E-01
         244   4.88000E-01   7.64241E-04   8.13241E-04  -1.91407E-01
         245   4.90000E-01   7.64502E-04   8.18653E-04  -1.91467E-01
         246   4.92000E-01   7.64774E-04   8.17872E-04  -1.91535E-01
         247   4.94000E-01   7.65066E-04   8.13119E-04  -1.91602E-01
         248   4.96000E-01   7.65354E-04   8.03046E-04  -1.91673E-01
         249   4.98000E-01   7.65622E-04   7.77875E-04  -1.91740E-01
         250   5.00000E-01   7.65805E-04   7.54314E-04  -1.91794E-01
         251   5.02000E-01   7.65950E-04   7.41837E-04  -1.91828E-01
         252   5.04000E-01   7.66082E-04   7.32969E-04  -1.91858E-01
         253   5.06000E-01   7.66181E-04   7.17458E-04  -1.91887E-01
         254   5.08000E-01   7.66228E-04   7.14856E-04  -1.91904E-01
         255   5.10000E-01   7.66240E-04   7.08935E-04  -1.91914E-01
         256   5.12000E-01   7.66255E-04   7.25577E-04  -1.91914E-01
         257   5.14000E-01   7.66333E-04   7.16352E-04  -1.91927E-01
         258   5.16000E-01   7.66392E-04   7.06937E-04  -1.91942E-01
         259   5.18000E-01   7.66419E-04   6.93604E-04  -1.91951E-01
         260   5.20000E-01   7.66431E-04   7.06805E-04  -1.91951E-01
         261   5.22000E-01   7.66471E-04   7.22331E-04  -1.91961E-01
         262   5.24000E-01   7.66522E-04   7.33583E-04  -1.91979E-01
         263   5.26000E-01   7.66603E-04   7.34841E-04  -1.91997E-01
         264   5.28000E-01   7.66726E-04   7.36449E-04  -1.92018E-01
         265   5.30000E-01   7.66829E-04   7.24628E-04  -1.92050E-01
         266   5.32000E-01   7.66935E-04   7.36727E-04  -1.92070E-01
         267   5.34000E-01   7.67059E-04   7.22538E-04  -1.92102E-01
         268   5.36000E-01   7.67146E-04   7.23008E-04  -1.92126E-01
         269   5.38000E-01   7.67269E-04   7.23529E-04  -1.92148E-01
         270   5.40000E-01   7.67355E-04   7.29112E-04  -1.92179E-01
         271   5.42000E-01   7.67460E-04   7.22256E-04  -1.92203E-01
         272   5.44000E-01   7.67534E-04   7.09112E-04  -1.92226E-01
         273   5.46000E-01   7.67597E-04   7.12384E-04  -1.92238E-01
         274   5.48000E-01   7.67662E-04   7.25567E-04  -1.92256E-01
         275   5.50000E-01   7.67737E-04   7.19426E-04  -1.92278E-01
         276   5.52000E-01   7.67776E-04   7.18302E-04  -1.92294E-01
         277   5.54000E-01   7.67861E-04   7.40664E-04  -1.92303E-01
         278   5.56000E-01   7.68018E-04   7.24821E-04  -1.92335E-01
         279   5.58000E-01   7.68134E-04   7.11970E-04  -1.92367E-01
         280   5.60000E-01   7.68220E-04   7.08335E-04  -1.92390E-01
         281   5.62000E-01   7.68300E-04   7.08342E-04  -1.92409E-01
         282   5.64000E-01   7.68395E-04   6.77453E-04  -1.92429E-01
         283   5.66000E-01   7.68425E-04   6.66716E-04  -1.92437E-01
         284   5.68000E-01   7.68421E-04   6.53781E-04  -1.92440E-01
         285   5.70000E-01   7.68396E-04   6.62394E-04  -1.92432E-01
         286   5.72000E-01   7.68382E-04   6.59606E-04  -1.92430E-01
         287   5.74000E-01   7.68376E-04   6.21051E-04  -1.92425E-01
         288   5.76000E-01   7.68286E-04   6.44672E-04  -1.92405E-01
         289   5.78000E-01   7.68233E-04   6.68611E-04  -1.92394E-01
         290   5.80000E-01   7.68211E-04   6.94417E-04  -1.92393E-01
         291   5.82000E-01   7.68238E-04   6.77242E-04  -1.92400E-01
         292   5.84000E-01   7.68207E-04   7.16969E-04  -1.92398E-01
         293   5.86000E-01   7.68269E-04   7.11155E-04  -1.92410E-01
         294   5.88000E-01   7.68316E-04   6.93023E-04  -1.92423E-01
         295   5.90000E-01   7.68268E-04   7.12694E-04  -1.92426E-01
         296   5.92000E-01   7.68306E-04   6.84991E-04  -1.92423E-01
         297   5.94000E-01   7.68259E-04   6.88056E-04  -1.92419E-01
         298   5.96000E-01   7.68204E-04   6.56185E-04  -1.92409E-01
         299   5.98000E-01   7.68082E-04   6.77285E-04  -1.92379E-01
         300   6.00000E-01   7.67984E-04   6.95765E-04  -1.92359E-01
         301   6.02000E-01   7.67920E-04   6.86312E-04  -1.92344E-01
         302   6.04000E-01   7.67834E-04   6.73679E-04  -1.92323E-01
         303   6.06000E-01   7.67730E-04   6.39054E-04  -1.92295E-01
         304   6.08000E-01   7.67548E-04   6.35487E-04  -1.92252E-01
         305   6.10000E-01   7.67387E-04   6.32983E-04  -1.92205E-01
         306   6.12000E-01   7.67245E-04   6.13833E-04  -1.92163E-01
         307   6.14000E-01   7.67127E-04   6.12874E-04  -1.92118E-01
         308   6.16000E-01   7.66970E-04   6.03314E-04  -1.92088E-01
         309   6.18000E-01   7.66791E-04   6.14656E-04  -1.92044E-01
         310   6.20000E-01   7.66645E-04   6.28177E-04  -1.92005E-01
         311   6.22000E-01   7.66572E-04   6.19693E-04  -1.91975E-01
         312   6.24000E-01   7.66461E-04   5.87432E-04  -1.91953E-01
         313   6.26000E-01   7.66327E-04   6.09283E-04  -1.91909E-01
         314   6.28000E-01   7.66198E-04   6.14271E-04  -1.91886E-01
         315   6.30000E-01   7.66058E-04   6.24474E-04  -1.91857E-01
         316   6.32000E-01   7.65897E-04   6.17822E-04  -1.91827E-01
         317   6.34000E-01   7.65669E-04   6.20125E-04  -1.91783E-01
         318   6.36000E-01   7.65472E-04   6.63501E-04  -1.91727E-01
         319   6.38000E-01   7.65332E-04   6.68550E-04  -1.91700E-01
         320   6.40000E-01   7.65220E-04   6.98072E-04  -1.91667E-01
         321   6.42000E-01   7.65188E-04   7.01624E-04  -1.91654E-01
         322   6.44000E-01   7.65144E-04   6.90713E-04  -1.91648E-01
         323   6.46000E-01   7.65067E-04   6.77555E-04  -1.91631E-01
         324   6.48000E-01   7.64986E-04   6.89942E-04  -1.91606E-01
         325   6.50000E-01   7.64880E-04   6.91964E-04  -1.91591E-01
         326   6.52000E-01   7.64771E-04   7.06791E-04  -1.91566E-01
         327   6.54000E-01   7.64733E-04   6.96241E-04  -1.91546E-01
         328   6.56000E-01   7.64717E-04   7.17066E-04  -1.91531E-01
         329   6.58000E-01   7.64736E-04   6.93733E-04  -1.91538E-01
         330   6.60000E-01   7.64676E-04   7.02221E-04  -1.91531E-01
         331   6.62000E-01   7.64639E-04   6.51780E-04  -1.91520E-01
         332   6.64000E-01   7.64469E-04   5.85508E-04  -1.91486E-01
         333   6.66000E-01   7.64156E-04   5.69261E-04  -1.91410E-01
         334   6.68000E-01   7.63852E-04   5.39930E-04  -1.91324E-01
         335   6.70000E-01   7.63464E-04   5.47323E-04  -1.91233E-01
         336   6.72000E-01   7.63050E-04   5.34379E-04  -1.91140E-01
         337   6.74000E-01   7.62566E-04   5.46381E-04  -1.91030E-01
         338   6.76000E-01   7.62064E-04   5.41154E-04  -1.90915E-01
         339   6.78000E-01   7.61564E-04   5.40316E-04  -1.90787E-01
         340   6.80000E-01   7.61056E-04   5.53272E-04  -1.90661E-01
         341   6.82000E-01   7.60595E-04   5.91208E-04  -1.90541E-01
         342   6.84000E-01   7.60139E-04   5.93939E-04  -1.90444E-01
         343   6.86000E-01   7.59705E-04   6.28621E-04  -1.90332E-01
         344   6.88000E-01   7.59374E-04   6.13234E-04  -1.90240E-01
         345   6.90000E-01   7.58993E-04   6.26684E-04  -1.90150E-01
         346   6.92000E-01   7.58622E-04   6.46271E-04  -1.90062E-01
         347   6.94000E-01   7.58303E-04   6.53387E-04  -1.89979E-01
         348   6.96000E-01   7.57987E-04   6.73666E-04  -1.89902E-01
         349   6.98000E-01   7.57694E-04   6.79541E-04  -1.89834E-01
         350   7.00000E-01   7.57405E-04   6.74070E-04  -1.89763E-01
         351   7.02000E-01   7.57120E-04   6.89067E-04  -1.89688E-01
         352   7.04000E-01   7.56894E-04   6.59079E-04  -1.89625E-01
         353   7.06000E-01   7.56633E-04   6.61132E-04  -1.89553E-01
         354   7.08000E-01   7.56315E-04   6.25064E-04  -1.89489E-01
         355   7.10000E-01   7.55931E-04   6.86844E-04  -1.89391E-01
         356   7.12000E-01   7.55693E-04   7.00403E-04  -1.89326E-01
         357   7.14000E-01   7.55497E-04   7.61473E-04  -1.89273E-01
         358   7.16000E-01   7.55435E-04   7.66303E-04  -1.89255E-01
         359   7.18000E-01   7.55376E-04   8.01067E-04  -1.89242E-01
         360   7.20000E-01   7.55410E-04   8.38915E-04  -1.89244E-01
         361   7.22000E-01   7.55510E-04   8.28655E-04  -1.89272E-01
         362   7.24000E-01   7.55622E-04   8.40972E-04  -1.89292E-01
         363   7.26000E-01   7.55749E-04   8.24097E-04  -1.89326E-01
         364   7.28000E-01   7.55869E-04   8.25978E-04  -1.89349E-01
         365   7.30000E-01   7.56039E-04   8.30488E-04  -1.89380E-01
         366   7.32000E-01   7.56190E-04   8.03183E-04  -1.89425E-01
         367   7.34000E-01   7.56298E-04   7.61946E-04  -1.89449E-01
         368   7.36000E-01   7.56334E-04   7.62621E-04  -1.89456E-01
         369   7.38000E-01   7.56377E-04   7.49704E-04  -1.89465E-01
         370   7.40000E-01   7.56396E-04   7.59742E-04  -1.89469E-01
         371   7.42000E-01   7.56441E-04   7.31505E-04  -1.89479E-01
         372   7.44000E-01   7.56443E-04   7.17212E-04  -1.89476E-01
         373   7.46000E-01   7.56452E-04   7.16040E-04  -1.89469E-01
         374   7.48000E-01   7.56425E-04   7.29035E-04  -1.89471E-01
         375   7.50000E-01   7.56398E-04   7.41552E-04  -1.89471E-01
         376   7.52000E-01   7.56392E-04   7.38964E-04  -1.89470E-01
         377   7.54000E-01   7.56417E-04   7.30192E-04  -1.89467E-01
         378   7.56000E-01   7.56438E-04   7.46432E-04  -1.89469E-01
         379   7.58000E-01   7.56463E-04   7.58227E-04  -1.89483E-01
         380   7.60000E-01   7.56534E-04   7.53630E-04  -1.89495E-01
         381   7.62000E-01   7.56583E-04   7.19861E-04  -1.89510E-01
         382   7.64000E-01   7.56564E-04   7.03051E-04  -1.89506E-01
         383   7.66000E-01   7.56513E-04   6.85814E-04  -1.89492E-01
         384   7.68000E-01   7.56446E-04   6.50514E-04  -1.89471E-01
         385   7.70000E-01   7.56353E-04   6.26018E-04  -1.89437E-01
         386   7.72000E-01   7.56167E-04   6.40097E-04  -1.89401E-01
         387   7.74000E-01   7.55987E-04   6.36178E-04  -1.89362E-01
         388   7.76000E-01   7.55801E-04   6.14223E-04  -1.89315E-01
         389   7.78000E-01   7.55537E-04   6.08925E-04  -1.89257E-01
         390   7.80000E-01   7.55288E-04   5.98712E-04  -1.89189E-01
         391   7.82000E-01   7.55023E-04   6.17495E-04  -1.89121E-01
         392   7.84000E-01   7.54773E-04   6.23984E-04  -1.89064E-01
         393   7.86000E-01   7.54529E-04   6.29107E-04  -1.89005E-01
         394   7.88000E-01   7.54302E-04   6.23296E-04  -1.88947E-01
         395   7.90000E-01   7.54059E-04   6.27896E-04  -1.88887E-01
         396   7.92000E-01   7.53780E-04   6.46790E-04  -1.88829E-01
         397   7.94000E-01   7.53531E-04   6.58983E-04  -1.88768E-01
         398   7.96000E-01   7.53307E-04   6.78791E-04  -1.88712E-01
         399   7.98000E-01   7.53126E-04   6.86730E-04  -1.88666E-01
         400   8.00000E-01   7.52984E-04   6.94169E-04  -1.88625E-01
         401   8.02000E-01   7.52868E-04   6.91265E-04  -1.88593E-01
         402   8.04000E-01   7.52725E-04   7.06959E-04  -1.88563E-01
         403   8.06000E-01   7.52651E-04   7.09843E-04  -1.88535E-01
         404   8.08000E-01   7.52551E-04   7.43700E-04  -1.88518E-01
         405   8.10000E-01   7.52530E-04   7.31586E-04  -1.88510E-01
         406   8.12000E-01   7.52471E-04   7.25218E-04  -1.88498E-01
         407   8.14000E-01   7.52436E-04   7.08099E-04  -1.88480E-01
         408   8.16000E-01   7.52347E-04   7.34991E-04  -1.88463E-01
         409   8.18000E-01   7.52302E-04   7.38885E-04  -1.88454E-01
         410   8.20000E-01   7.52263E-04   7.48149E-04  -1.88445E-01
         411   8.22000E-01   7.52215E-04   7.39050E-04  -1.88440E-01
         412   8.24000E-01   7.52184E-04   7.46008E-04  -1.88423E-01
         413   8.26000E-01   7.52163E-04   7.28898E-04  -1.88419E-01
         414   8.28000E-01   7.52131E-04   7.05242E-04  -1.88405E-01
         415   8.30000E-01   7.52022E-04   7.36445E-04  -1.88385E-01
         416   8.32000E-01   7.51970E-04   7.36513E-04  -1.88374E-01
         417   8.34000E-01   7.51898E-04   7.42960E-04  -1.88361E-01
         418   8.36000E-01   7.51857E-04   7.33184E-04  -1.88346E-01
         419   8.38000E-01   7.51751E-04   7.44300E-04  -1.88331E-01
         420   8.40000E-01   7.51673E-04   7.88005E-04  -1.88310E-01
         421   8.42000E-01   7.51668E-04   7.80575E-04  -1.88312E-01
         422   8.44000E-01   7.51678E-04   7.60861E-04  -1.88307E-01
         423   8.46000E-01   7.51623E-04   7.15944E-04  -1.88300E-01
         424   8.48000E-01   7.51491E-04   7.23738E-04  -1.88264E-01
         425   8.50000E-01   7.51356E-04   7.30595E-04  -1.88235E-01
         426   8.52000E-01   7.51272E-04   7.14130E-04  -1.88204E-01
         427   8.54000E-01   7.51156E-04   7.01095E-04  -1.88175E-01
         428   8.56000E-01   7.51009E-04   7.00453E-04  -1.88139E-01
         429   8.58000E-01   7.50860E-04   6.66701E-04  -1.88102E-01
         430   8.60000E-01   7.50619E-04   6.64863E-04  -1.88048E-01
         431   8.62000E-01   7.50355E-04   6.78176E-04  -1.87987E-01
         432   8.64000E-01   7.50145E-04   7.06879E-04  -1.87928E-01
         433   8.66000E-01   7.50027E-04   7.10055E-04  -1.87890E-01
         434   8.68000E-01   7.49899E-04   7.15982E-04  -1.87862E-01
         435   8.70000E-01   7.49792E-04   7.14123E-04  -1.87833E-01
         436   8.72000E-01   7.49677E-04   7.27585E-04  -1.87805E-01
         437   8.74000E-01   7.49597E-04   7.28138E-04  -1.87783E-01
         438   8.76000E-01   7.49547E-04   7.38887E-04  -1.87763E-01
         439   8.78000E-01   7.49495E-04   7.42912E-04  -1.87756E-01
         440   8.80000E-01   7.49457E-04   7.15511E-04  -1.87745E-01
         441   8.82000E-01   7.49379E-04   7.03644E-04  -1.87722E-01
         442   8.84000E-01   7.49253E-04   7.03118E-04  -1.87697E-01
         443   8.86000E-01   7.49158E-04   7.04619E-04  -1.87665E-01
         444   8.88000E-01   7.49051E-04   7.12704E-04  -1.87642E-01
         445   8.90000E-01   7.48950E-04   7.04695E-04  -1.87619E-01
         446   8.92000E-01   7.48856E-04   7.16699E-04  -1.87590E-01
         447   8.94000E-01   7.48771E-04   7.06606E-04  -1.87572E-01
         448   8.96000E-01   7.48669E-04   7.33167E-04  -1.87546E-01
         449   8.98000E-01   7.48639E-04   7.07162E-04  -1.87534E-01
         450   9.00000E-01   7.48576E-04   7.23897E-04  -1.87513E-01
         451   9.02000E-01   7.48539E-04   7.03401E-04  -1.87506E-01
         452   9.04000E-01   7.48476E-04   7.13367E-04  -1.87487E-01
         453   9.06000E-01   7.48439E-04   6.83098E-04  -1.87476E-01
         454   9.08000E-01   7.48319E-04   6.87716E-04  -1.87451E-01
         455   9.10000E-01   7.48232E-04   6.73696E-04  -1.87424E-01
         456   9.12000E-01   7.48109E-04   6.79577E-04  -1.87395E-01
         457   9.14000E-01   7.47993E-04   6.88654E-04  -1.87367E-01
         458   9.16000E-01   7.47922E-04   6.78368E-04  -1.87343E-01
         459   9.18000E-01   7.47831E-04   6.87070E-04  -1.87320E-01
         460   9.20000E-01   7.47757E-04   6.79950E-04  -1.87301E-01
         461   9.22000E-01   7.47675E-04   6.99718E-04  -1.87279E-01
         462   9.24000E-01   7.47639E-04   7.03075E-04  -1.87269E-01
         463   9.26000E-01   7.47624E-04   6.92319E-04  -1.87261E-01
         464   9.28000E-01   7.47644E-04   6.90252E-04  -1.87252E-01
         465   9.30000E-01   7.47653E-04   6.63422E-04  -1.87256E-01
         466   9.32000E-01   7.47665E-04   6.63157E-04  -1.87245E-01
         467   9.34000E-01   7.47662E-04   6.39980E-04  -1.87248E-01
         468   9.36000E-01   7.47616E-04   6.38874E-04  -1.87235E-01
         469   9.38000E-01   7.47564E-04   6.39615E-04  -1.87224E-01
         470   9.40000E-01   7.47516E-04   6.68618E-04  -1.87211E-01
         471   9.42000E-01   7.47496E-04   6.66963E-04  -1.87213E-01
         472   9.44000E-01   7.47483E-04   6.78962E-04  -1.87208E-01
         473   9.46000E-01   7.47466E-04   6.92103E-04  -1.87210E-01
         474   9.48000E-01   7.47509E-04   6.80169E-04  -1.87212E-01
         475   9.50000E-01   7.47498E-04   6.63160E-04  -1.87217E-01
         476   9.52000E-01   7.47478E-04   6.78981E-04  -1.87206E-01
         477   9.54000E-01   7.47469E-04   6.70874E-04  -1.87209E-01
         478   9.56000E-01   7.47448E-04   6.24996E-04  -1.87203E-01
         479   9.58000E-01   7.47347E-04   6.46081E-04  -1.87174E-01
         480   9.60000E-01   7.47291E-04   6.20578E-04  -1.87160E-01
         481   9.62000E-01   7.47173E-04   6.38176E-04  -1.87133E-01
         482   9.64000E-01   7.47136E-04   6.29744E-04  -1.87112E-01
         483   9.66000E-01   7.47092E-04   6.54896E-04  -1.87099E-01
         484   9.68000E-01   7.47100E-04   6.17779E-04  -1.87100E-01
         485   9.70000E-01   7.47000E-04   6.54084E-04  -1.87084E-01
         486   9.72000E-01   7.47004E-04   6.49101E-04  -1.87077E-01
         487   9.74000E-01   7.46984E-04   6.86502E-04  -1.87075E-01
         488   9.76000E-01   7.47075E-04   6.35615E-04  -1.87089E-01
         489   9.78000E-01   7.47040E-04   6.19058E-04  -1.87086E-01
         490   9.80000E-01   7.46999E-04   5.79487E-04  -1.87070E-01
         491   9.82000E-01   7.46832E-04   5.80126E-04  -1.87040E-01
         492   9.84000E-01   7.46714E-04   5.77970E-04  -1.86998E-01
         493   9.86000E-01   7.46557E-04   5.53511E-04  -1.86968E-01
         494   9.88000E-01   7.46348E-04   5.12363E-04  -1.86916E-01
         495   9.90000E-01   7.46062E-04   5.35786E-04  -1.86843E-01
         496   9.92000E-01   7.45789E-04   5.04735E-04  -1.86783E-01
         497   9.94000E-01   7.45446E-04   5.08578E-04  -1.86700E-01
         498   9.96000E-01   7.45122E-04   5.11949E-04  -1.86616E-01
         499   9.98000E-01   7.44765E-04   5.49218E-04  -1.86536E-01
         500   1.00000E+00   7.44504E-04   5.41935E-04  -1.86466E-01
