    Timestep          Time             Y          Rise        Inflow
      number                    centroid      velocity      velocity
           1   2.00000E-03   2.13477E-18   3.61376E-02  -4.44743E-16
           2   4.00000E-03   7.31321E-05   5.04352E-02  -1.80688E-02
           3   6.00000E-03   1.74915E-04   5.41303E-02  -4.35006E-02
           4   8.00000E-03   2.83725E-04   5.28615E-02  -7.07940E-02
           5   1.00000E-02   3.89493E-04   4.96132E-02  -9.73620E-02
           6   1.20000E-02   4.88212E-04   4.51845E-02  -1.22180E-01
           7   1.40000E-02   5.77512E-04   4.07783E-02  -1.44645E-01
           8   1.60000E-02   6.57812E-04   3.64334E-02  -1.64767E-01
           9   1.80000E-02   7.29250E-04   3.22427E-02  -1.82670E-01
          10   2.00000E-02   7.92264E-04   2.83097E-02  -1.98434E-01
          11   2.20000E-02   8.47486E-04   2.44475E-02  -2.12221E-01
          12   2.40000E-02   8.94988E-04   2.09369E-02  -2.24095E-01
          13   2.60000E-02   9.35398E-04   1.78593E-02  -2.34215E-01
          14   2.80000E-02   9.69484E-04   1.49716E-02  -2.42779E-01
          15   3.00000E-02   9.97854E-04   1.26165E-02  -2.49857E-01
          16   3.20000E-02   1.02136E-03   1.05047E-02  -2.55772E-01
          17   3.40000E-02   1.04110E-03   8.58802E-03  -2.60593E-01
          18   3.60000E-02   1.05707E-03   6.82415E-03  -2.64568E-01
          19   3.80000E-02   1.06966E-03   5.12287E-03  -2.67679E-01
          20   4.00000E-02   1.07877E-03   3.20823E-03  -2.69977E-01
          21   4.20000E-02   1.08458E-03   1.76930E-03  -2.71297E-01
          22   4.40000E-02   1.08789E-03   9.22985E-04  -2.72030E-01
          23   4.60000E-02   1.09004E-03   5.58137E-04  -2.72434E-01
          24   4.80000E-02   1.09151E-03   1.76446E-04  -2.72789E-01
          25   5.00000E-02   1.09227E-03  -1.94800E-04  -2.72966E-01
          26   5.20000E-02   1.09198E-03  -4.91120E-04  -2.72969E-01
          27   5.40000E-02   1.09099E-03  -5.58600E-04  -2.72748E-01
          28   5.60000E-02   1.09006E-03  -8.28379E-04  -2.72469E-01
          29   5.80000E-02   1.08768E-03  -1.16439E-03  -2.72101E-01
          30   6.00000E-02   1.08176E-03  -1.26014E-03  -2.71337E-01
          31   6.20000E-02   1.07552E-03  -7.02645E-04  -2.69811E-01
          32   6.40000E-02   1.07103E-03  -4.18938E-04  -2.68529E-01
          33   6.60000E-02   1.06758E-03  -6.76361E-05  -2.67549E-01
          34   6.80000E-02   1.06550E-03  -4.89747E-05  -2.66861E-01
          35   7.00000E-02   1.06444E-03  -2.01692E-04  -2.66350E-01
          36   7.20000E-02   1.06412E-03  -9.27875E-04  -2.66009E-01
          37   7.40000E-02   1.06283E-03  -1.29946E-03  -2.65566E-01
          38   7.60000E-02   1.06117E-03  -1.62572E-03  -2.65058E-01
          39   7.80000E-02   1.05905E-03  -1.68738E-03  -2.64479E-01
          40   8.00000E-02   1.05681E-03  -1.71896E-03  -2.63918E-01
          41   8.20000E-02   1.05381E-03  -1.59610E-03  -2.63342E-01
          42   8.40000E-02   1.05046E-03  -1.21751E-03  -2.62655E-01
          43   8.60000E-02   1.04790E-03  -7.17217E-04  -2.62007E-01
          44   8.80000E-02   1.04628E-03  -3.89534E-04  -2.61616E-01
          45   9.00000E-02   1.04543E-03  -3.38020E-05  -2.61374E-01
          46   9.20000E-02   1.04559E-03   2.31442E-04  -2.61341E-01
          47   9.40000E-02   1.04641E-03   5.30415E-04  -2.61514E-01
          48   9.60000E-02   1.04788E-03   6.59569E-04  -2.61868E-01
          49   9.80000E-02   1.04981E-03   7.32676E-04  -2.62299E-01
          50   1.00000E-01   1.05200E-03   8.21198E-04  -2.62818E-01
          51   1.02000E-01   1.05450E-03   9.02841E-04  -2.63410E-01
          52   1.04000E-01   1.05731E-03   9.16808E-04  -2.64075E-01
          53   1.06000E-01   1.06036E-03   8.78998E-04  -2.64786E-01
          54   1.08000E-01   1.06350E-03   7.43668E-04  -2.65531E-01
          55   1.10000E-01   1.06653E-03   6.12436E-04  -2.66248E-01
          56   1.12000E-01   1.06942E-03   4.92320E-04  -2.66940E-01
          57   1.14000E-01   1.07211E-03   4.54858E-04  -2.67600E-01
          58   1.16000E-01   1.07477E-03   4.89461E-04  -2.68256E-01
          59   1.18000E-01   1.07751E-03   5.40889E-04  -2.68937E-01
          60   1.20000E-01   1.08032E-03   5.81649E-04  -2.69648E-01
          61   1.22000E-01   1.08321E-03   6.03079E-04  -2.70372E-01
          62   1.24000E-01   1.08611E-03   5.88101E-04  -2.71104E-01
          63   1.26000E-01   1.08891E-03   5.95974E-04  -2.71821E-01
          64   1.28000E-01   1.09172E-03   5.08919E-04  -2.72526E-01
          65   1.30000E-01   1.09440E-03   4.05823E-04  -2.73183E-01
          66   1.32000E-01   1.09688E-03   3.51719E-04  -2.73804E-01
          67   1.34000E-01   1.09927E-03   1.83622E-04  -2.74396E-01
          68   1.36000E-01   1.10141E-03   8.87767E-05  -2.74909E-01
          69   1.38000E-01   1.10338E-03   2.35798E-05  -2.75396E-01
          70   1.40000E-01   1.10519E-03  -7.59365E-05  -2.75856E-01
          71   1.42000E-01   1.10683E-03  -1.65607E-04  -2.76259E-01
          72   1.44000E-01   1.10832E-03  -2.09847E-04  -2.76624E-01
          73   1.46000E-01   1.10979E-03  -2.65631E-04  -2.76976E-01
          74   1.48000E-01   1.11122E-03  -2.99081E-04  -2.77315E-01
          75   1.50000E-01   1.11261E-03  -3.95157E-04  -2.77656E-01
          76   1.52000E-01   1.11386E-03  -4.30294E-04  -2.77956E-01
          77   1.54000E-01   1.11502E-03  -5.05300E-04  -2.78250E-01
          78   1.56000E-01   1.11614E-03  -6.09513E-04  -2.78502E-01
          79   1.58000E-01   1.11711E-03  -7.03680E-04  -2.78731E-01
          80   1.60000E-01   1.11795E-03  -7.64089E-04  -2.78925E-01
          81   1.62000E-01   1.11862E-03  -7.90730E-04  -2.79105E-01
          82   1.64000E-01   1.11929E-03  -7.62104E-04  -2.79259E-01
          83   1.66000E-01   1.12002E-03  -7.11446E-04  -2.79443E-01
          84   1.68000E-01   1.12072E-03  -7.04532E-04  -2.79649E-01
          85   1.70000E-01   1.12134E-03  -6.87137E-04  -2.79827E-01
          86   1.72000E-01   1.12209E-03  -6.58534E-04  -2.79992E-01
          87   1.74000E-01   1.12285E-03  -7.11280E-04  -2.80194E-01
          88   1.76000E-01   1.12355E-03  -7.08199E-04  -2.80357E-01
          89   1.78000E-01   1.12415E-03  -7.20759E-04  -2.80534E-01
          90   1.80000E-01   1.12472E-03  -7.03824E-04  -2.80677E-01
          91   1.82000E-01   1.12526E-03  -7.14840E-04  -2.80829E-01
          92   1.84000E-01   1.12578E-03  -6.98675E-04  -2.80958E-01
          93   1.86000E-01   1.12632E-03  -7.40439E-04  -2.81096E-01
          94   1.88000E-01   1.12675E-03  -7.25779E-04  -2.81209E-01
          95   1.90000E-01   1.12722E-03  -7.38891E-04  -2.81325E-01
          96   1.92000E-01   1.12772E-03  -7.90832E-04  -2.81435E-01
          97   1.94000E-01   1.12810E-03  -8.22678E-04  -2.81535E-01
          98   1.96000E-01   1.12836E-03  -8.06854E-04  -2.81615E-01
          99   1.98000E-01   1.12869E-03  -7.83051E-04  -2.81687E-01
         100   2.00000E-01   1.12916E-03  -7.59449E-04  -2.81780E-01
         101   2.02000E-01   1.12968E-03  -7.96668E-04  -2.81909E-01
         102   2.04000E-01   1.13014E-03  -7.84321E-04  -2.82021E-01
         103   2.06000E-01   1.13065E-03  -8.49447E-04  -2.82144E-01
         104   2.08000E-01   1.13104E-03  -8.78194E-04  -2.82238E-01
         105   2.10000E-01   1.13139E-03  -9.02895E-04  -2.82322E-01
         106   2.12000E-01   1.13167E-03  -9.00857E-04  -2.82396E-01
         107   2.14000E-01   1.13196E-03  -9.14070E-04  -2.82468E-01
         108   2.16000E-01   1.13224E-03  -8.84807E-04  -2.82534E-01
         109   2.18000E-01   1.13260E-03  -8.83308E-04  -2.82617E-01
         110   2.20000E-01   1.13310E-03  -9.00646E-04  -2.82709E-01
         111   2.22000E-01   1.13355E-03  -9.54890E-04  -2.82824E-01
         112   2.24000E-01   1.13384E-03  -9.71812E-04  -2.82910E-01
         113   2.26000E-01   1.13410E-03  -9.83827E-04  -2.82974E-01
         114   2.28000E-01   1.13449E-03  -1.02705E-03  -2.83032E-01
         115   2.30000E-01   1.13469E-03  -1.06817E-03  -2.83108E-01
         116   2.32000E-01   1.13488E-03  -1.09932E-03  -2.83138E-01
         117   2.34000E-01   1.13490E-03  -1.07848E-03  -2.83170E-01
         118   2.36000E-01   1.13513E-03  -1.05701E-03  -2.83186E-01
         119   2.38000E-01   1.13514E-03  -1.04449E-03  -2.83254E-01
         120   2.40000E-01   1.13548E-03  -1.00801E-03  -2.83262E-01
         121   2.42000E-01   1.13559E-03  -1.04598E-03  -2.83367E-01
         122   2.44000E-01   1.13572E-03  -9.61072E-04  -2.83374E-01
         123   2.46000E-01   1.13609E-03  -9.18560E-04  -2.83450E-01
         124   2.48000E-01   1.13662E-03  -9.28621E-04  -2.83564E-01
         125   2.50000E-01   1.13729E-03  -9.21435E-04  -2.83690E-01
         126   2.52000E-01   1.13803E-03  -9.98425E-04  -2.83862E-01
         127   2.54000E-01   1.13852E-03  -1.01774E-03  -2.84008E-01
         128   2.56000E-01   1.13902E-03  -1.04147E-03  -2.84120E-01
         129   2.58000E-01   1.13956E-03  -1.05823E-03  -2.84234E-01
         130   2.60000E-01   1.14022E-03  -1.10109E-03  -2.84362E-01
         131   2.62000E-01   1.14065E-03  -1.13833E-03  -2.84504E-01
         132   2.64000E-01   1.14125E-03  -1.15720E-03  -2.84594E-01
         133   2.66000E-01   1.14174E-03  -1.23619E-03  -2.84733E-01
         134   2.68000E-01   1.14218E-03  -1.28988E-03  -2.84818E-01
         135   2.70000E-01   1.14247E-03  -1.38543E-03  -2.84901E-01
         136   2.72000E-01   1.14256E-03  -1.37750E-03  -2.84925E-01
         137   2.74000E-01   1.14273E-03  -1.38455E-03  -2.84950E-01
         138   2.76000E-01   1.14293E-03  -1.40487E-03  -2.84991E-01
         139   2.78000E-01   1.14308E-03  -1.45204E-03  -2.85029E-01
         140   2.80000E-01   1.14317E-03  -1.43791E-03  -2.85043E-01
         141   2.82000E-01   1.14324E-03  -1.47651E-03  -2.85072E-01
         142   2.84000E-01   1.14323E-03  -1.49310E-03  -2.85072E-01
         143   2.86000E-01   1.14328E-03  -1.49397E-03  -2.85060E-01
         144   2.88000E-01   1.14339E-03  -1.47520E-03  -2.85073E-01
         145   2.90000E-01   1.14352E-03  -1.48517E-03  -2.85110E-01
         146   2.92000E-01   1.14356E-03  -1.51551E-03  -2.85137E-01
         147   2.94000E-01   1.14364E-03  -1.48352E-03  -2.85133E-01
         148   2.96000E-01   1.14382E-03  -1.45679E-03  -2.85169E-01
         149   2.98000E-01   1.14407E-03  -1.49540E-03  -2.85226E-01
         150   3.00000E-01   1.14425E-03  -1.47704E-03  -2.85269E-01
         151   3.02000E-01   1.14445E-03  -1.50895E-03  -2.85325E-01
         152   3.04000E-01   1.14468E-03  -1.49329E-03  -2.85358E-01
         153   3.06000E-01   1.14499E-03  -1.47505E-03  -2.85423E-01
         154   3.08000E-01   1.14533E-03  -1.53044E-03  -2.85509E-01
         155   3.10000E-01   1.14547E-03  -1.58111E-03  -2.85568E-01
         156   3.12000E-01   1.14541E-03  -1.57519E-03  -2.85576E-01
         157   3.14000E-01   1.14540E-03  -1.50323E-03  -2.85565E-01
         158   3.16000E-01   1.14559E-03  -1.44853E-03  -2.85598E-01
         159   3.18000E-01   1.14595E-03  -1.48146E-03  -2.85673E-01
         160   3.20000E-01   1.14626E-03  -1.54296E-03  -2.85746E-01
         161   3.22000E-01   1.14632E-03  -1.52729E-03  -2.85794E-01
         162   3.24000E-01   1.14651E-03  -1.50516E-03  -2.85816E-01
         163   3.26000E-01   1.14685E-03  -1.53365E-03  -2.85875E-01
         164   3.28000E-01   1.14705E-03  -1.55194E-03  -2.85946E-01
         165   3.30000E-01   1.14726E-03  -1.62232E-03  -2.85987E-01
         166   3.32000E-01   1.14732E-03  -1.61440E-03  -2.86003E-01
         167   3.34000E-01   1.14739E-03  -1.59754E-03  -2.86023E-01
         168   3.36000E-01   1.14757E-03  -1.67407E-03  -2.86049E-01
         169   3.38000E-01   1.14760E-03  -1.66248E-03  -2.86056E-01
         170   3.40000E-01   1.14764E-03  -1.74751E-03  -2.86068E-01
         171   3.42000E-01   1.14747E-03  -1.71699E-03  -2.86037E-01
         172   3.44000E-01   1.14745E-03  -1.70399E-03  -2.86008E-01
         173   3.46000E-01   1.14751E-03  -1.77409E-03  -2.86011E-01
         174   3.48000E-01   1.14746E-03  -1.75240E-03  -2.85989E-01
         175   3.50000E-01   1.14741E-03  -1.78081E-03  -2.85990E-01
         176   3.52000E-01   1.14726E-03  -1.79326E-03  -2.85962E-01
         177   3.54000E-01   1.14715E-03  -1.78573E-03  -2.85919E-01
         178   3.56000E-01   1.14701E-03  -1.78884E-03  -2.85896E-01
         179   3.58000E-01   1.14687E-03  -1.72679E-03  -2.85858E-01
         180   3.60000E-01   1.14679E-03  -1.73199E-03  -2.85855E-01
         181   3.62000E-01   1.14672E-03  -1.73396E-03  -2.85831E-01
         182   3.64000E-01   1.14679E-03  -1.67696E-03  -2.85813E-01
         183   3.66000E-01   1.14694E-03  -1.71779E-03  -2.85858E-01
         184   3.68000E-01   1.14710E-03  -1.68910E-03  -2.85876E-01
         185   3.70000E-01   1.14731E-03  -1.71904E-03  -2.85930E-01
         186   3.72000E-01   1.14753E-03  -1.76484E-03  -2.85969E-01
         187   3.74000E-01   1.14763E-03  -1.78235E-03  -2.85999E-01
         188   3.76000E-01   1.14779E-03  -1.79256E-03  -2.86017E-01
         189   3.78000E-01   1.14783E-03  -1.85497E-03  -2.86050E-01
         190   3.80000E-01   1.14775E-03  -1.87163E-03  -2.86030E-01
         191   3.82000E-01   1.14768E-03  -1.90811E-03  -2.86001E-01
         192   3.84000E-01   1.14751E-03  -1.89011E-03  -2.85966E-01
         193   3.86000E-01   1.14739E-03  -1.87052E-03  -2.85933E-01
         194   3.88000E-01   1.14724E-03  -1.83406E-03  -2.85912E-01
         195   3.90000E-01   1.14729E-03  -1.81868E-03  -2.85893E-01
         196   3.92000E-01   1.14746E-03  -1.85592E-03  -2.85912E-01
         197   3.94000E-01   1.14756E-03  -1.85457E-03  -2.85938E-01
         198   3.96000E-01   1.14766E-03  -1.88787E-03  -2.85964E-01
         199   3.98000E-01   1.14774E-03  -1.92263E-03  -2.85972E-01
         200   4.00000E-01   1.14777E-03  -1.96822E-03  -2.85973E-01
         201   4.02000E-01   1.14773E-03  -2.00125E-03  -2.85958E-01
         202   4.04000E-01   1.14764E-03  -2.00116E-03  -2.85933E-01
         203   4.06000E-01   1.14755E-03  -1.98244E-03  -2.85908E-01
         204   4.08000E-01   1.14747E-03  -1.95200E-03  -2.85895E-01
         205   4.10000E-01   1.14745E-03  -1.96755E-03  -2.85892E-01
         206   4.12000E-01   1.14739E-03  -1.93529E-03  -2.85880E-01
         207   4.14000E-01   1.14735E-03  -1.91722E-03  -2.85880E-01
         208   4.16000E-01   1.14739E-03  -1.90220E-03  -2.85880E-01
         209   4.18000E-01   1.14745E-03  -1.89814E-03  -2.85898E-01
         210   4.20000E-01   1.14750E-03  -1.87070E-03  -2.85913E-01
         211   4.22000E-01   1.14763E-03  -1.87973E-03  -2.85941E-01
         212   4.24000E-01   1.14779E-03  -1.86390E-03  -2.85968E-01
         213   4.26000E-01   1.14795E-03  -1.87532E-03  -2.86016E-01
         214   4.28000E-01   1.14816E-03  -1.89827E-03  -2.86050E-01
         215   4.30000E-01   1.14834E-03  -1.92150E-03  -2.86092E-01
         216   4.32000E-01   1.14845E-03  -1.92880E-03  -2.86124E-01
         217   4.34000E-01   1.14860E-03  -1.96054E-03  -2.86149E-01
         218   4.36000E-01   1.14864E-03  -1.94576E-03  -2.86169E-01
         219   4.38000E-01   1.14875E-03  -1.98342E-03  -2.86188E-01
         220   4.40000E-01   1.14883E-03  -1.99357E-03  -2.86196E-01
         221   4.42000E-01   1.14891E-03  -2.02783E-03  -2.86211E-01
         222   4.44000E-01   1.14892E-03  -2.04841E-03  -2.86213E-01
         223   4.46000E-01   1.14887E-03  -2.05839E-03  -2.86205E-01
         224   4.48000E-01   1.14882E-03  -2.05297E-03  -2.86187E-01
         225   4.50000E-01   1.14877E-03  -2.04859E-03  -2.86179E-01
         226   4.52000E-01   1.14865E-03  -2.00962E-03  -2.86169E-01
         227   4.54000E-01   1.14873E-03  -2.02004E-03  -2.86159E-01
         228   4.56000E-01   1.14874E-03  -2.01266E-03  -2.86172E-01
         229   4.58000E-01   1.14873E-03  -2.02469E-03  -2.86179E-01
         230   4.60000E-01   1.14869E-03  -1.99501E-03  -2.86171E-01
         231   4.62000E-01   1.14870E-03  -1.98324E-03  -2.86176E-01
         232   4.64000E-01   1.14874E-03  -1.97145E-03  -2.86185E-01
         233   4.66000E-01   1.14879E-03  -1.95515E-03  -2.86199E-01
         234   4.68000E-01   1.14889E-03  -1.94068E-03  -2.86220E-01
         235   4.70000E-01   1.14900E-03  -1.95396E-03  -2.86252E-01
         236   4.72000E-01   1.14911E-03  -1.96189E-03  -2.86273E-01
         237   4.74000E-01   1.14916E-03  -2.01152E-03  -2.86296E-01
         238   4.76000E-01   1.14916E-03  -1.99150E-03  -2.86284E-01
         239   4.78000E-01   1.14921E-03  -2.00040E-03  -2.86295E-01
         240   4.80000E-01   1.14921E-03  -2.00977E-03  -2.86302E-01
         241   4.82000E-01   1.14921E-03  -1.99667E-03  -2.86297E-01
         242   4.84000E-01   1.14928E-03  -2.01187E-03  -2.86303E-01
         243   4.86000E-01   1.14926E-03  -2.07087E-03  -2.86314E-01
         244   4.88000E-01   1.14915E-03  -2.01877E-03  -2.86278E-01
         245   4.90000E-01   1.14920E-03  -2.04301E-03  -2.86277E-01
         246   4.92000E-01   1.14916E-03  -2.02605E-03  -2.86277E-01
         247   4.94000E-01   1.14918E-03  -2.09511E-03  -2.86276E-01
         248   4.96000E-01   1.14894E-03  -2.04031E-03  -2.86248E-01
         249   4.98000E-01   1.14887E-03  -1.99263E-03  -2.86214E-01
         250   5.00000E-01   1.14885E-03  -1.98581E-03  -2.86222E-01
         251   5.02000E-01   1.14888E-03  -1.97495E-03  -2.86220E-01
         252   5.04000E-01   1.14887E-03  -1.94206E-03  -2.86232E-01
         253   5.06000E-01   1.14902E-03  -1.93626E-03  -2.86247E-01
         254   5.08000E-01   1.14913E-03  -1.93912E-03  -2.86288E-01
         255   5.10000E-01   1.14932E-03  -1.97359E-03  -2.86313E-01
         256   5.12000E-01   1.14939E-03  -2.00711E-03  -2.86342E-01
         257   5.14000E-01   1.14941E-03  -1.98237E-03  -2.86344E-01
         258   5.16000E-01   1.14943E-03  -1.97264E-03  -2.86361E-01
         259   5.18000E-01   1.14953E-03  -1.93551E-03  -2.86370E-01
         260   5.20000E-01   1.14968E-03  -2.01295E-03  -2.86414E-01
         261   5.22000E-01   1.14967E-03  -2.01232E-03  -2.86414E-01
         262   5.24000E-01   1.14967E-03  -1.97037E-03  -2.86411E-01
         263   5.26000E-01   1.14978E-03  -1.98657E-03  -2.86431E-01
         264   5.28000E-01   1.14984E-03  -1.98018E-03  -2.86451E-01
         265   5.30000E-01   1.14994E-03  -2.05580E-03  -2.86469E-01
         266   5.32000E-01   1.14988E-03  -2.04425E-03  -2.86457E-01
         267   5.34000E-01   1.14989E-03  -2.05504E-03  -2.86448E-01
         268   5.36000E-01   1.14983E-03  -2.06320E-03  -2.86446E-01
         269   5.38000E-01   1.14978E-03  -2.05727E-03  -2.86425E-01
         270   5.40000E-01   1.14969E-03  -2.06843E-03  -2.86418E-01
         271   5.42000E-01   1.14964E-03  -1.99882E-03  -2.86389E-01
         272   5.44000E-01   1.14968E-03  -2.03403E-03  -2.86410E-01
         273   5.46000E-01   1.14971E-03  -2.01340E-03  -2.86404E-01
         274   5.48000E-01   1.14970E-03  -2.02069E-03  -2.86421E-01
         275   5.50000E-01   1.14968E-03  -2.00916E-03  -2.86413E-01
         276   5.52000E-01   1.14965E-03  -1.97631E-03  -2.86415E-01
         277   5.54000E-01   1.14969E-03  -1.95904E-03  -2.86423E-01
         278   5.56000E-01   1.14980E-03  -1.95378E-03  -2.86444E-01
         279   5.58000E-01   1.14991E-03  -2.01120E-03  -2.86473E-01
         280   5.60000E-01   1.14990E-03  -1.97926E-03  -2.86471E-01
         281   5.62000E-01   1.14995E-03  -1.99277E-03  -2.86485E-01
         282   5.64000E-01   1.14997E-03  -1.99335E-03  -2.86490E-01
         283   5.66000E-01   1.14998E-03  -1.99241E-03  -2.86496E-01
         284   5.68000E-01   1.15003E-03  -1.99813E-03  -2.86498E-01
         285   5.70000E-01   1.15007E-03  -2.01107E-03  -2.86508E-01
         286   5.72000E-01   1.15008E-03  -2.01902E-03  -2.86511E-01
         287   5.74000E-01   1.15010E-03  -2.05240E-03  -2.86512E-01
         288   5.76000E-01   1.14999E-03  -2.03901E-03  -2.86500E-01
         289   5.78000E-01   1.14999E-03  -2.04632E-03  -2.86479E-01
         290   5.80000E-01   1.14998E-03  -2.03836E-03  -2.86475E-01
         291   5.82000E-01   1.14998E-03  -2.07918E-03  -2.86475E-01
         292   5.84000E-01   1.14988E-03  -2.06002E-03  -2.86457E-01
         293   5.86000E-01   1.14982E-03  -2.08228E-03  -2.86440E-01
         294   5.88000E-01   1.14967E-03  -2.06724E-03  -2.86414E-01
         295   5.90000E-01   1.14962E-03  -2.02816E-03  -2.86384E-01
         296   5.92000E-01   1.14963E-03  -2.02314E-03  -2.86390E-01
         297   5.94000E-01   1.14966E-03  -2.04389E-03  -2.86396E-01
         298   5.96000E-01   1.14960E-03  -2.01618E-03  -2.86392E-01
         299   5.98000E-01   1.14957E-03  -2.01188E-03  -2.86391E-01
         300   6.00000E-01   1.14951E-03  -1.99366E-03  -2.86387E-01
         301   6.02000E-01   1.14951E-03  -1.95824E-03  -2.86381E-01
         302   6.04000E-01   1.14966E-03  -1.96237E-03  -2.86397E-01
         303   6.06000E-01   1.14967E-03  -1.99364E-03  -2.86434E-01
         304   6.08000E-01   1.14964E-03  -1.95110E-03  -2.86420E-01
         305   6.10000E-01   1.14968E-03  -1.93703E-03  -2.86435E-01
         306   6.12000E-01   1.14976E-03  -1.92644E-03  -2.86452E-01
         307   6.14000E-01   1.14984E-03  -1.96539E-03  -2.86476E-01
         308   6.16000E-01   1.14995E-03  -1.95480E-03  -2.86476E-01
         309   6.18000E-01   1.15002E-03  -1.98859E-03  -2.86511E-01
         310   6.20000E-01   1.15017E-03  -1.96570E-03  -2.86512E-01
         311   6.22000E-01   1.15037E-03  -2.05238E-03  -2.86559E-01
         312   6.24000E-01   1.15035E-03  -2.05849E-03  -2.86565E-01
         313   6.26000E-01   1.15034E-03  -2.07861E-03  -2.86559E-01
         314   6.28000E-01   1.15029E-03  -2.08711E-03  -2.86545E-01
         315   6.30000E-01   1.15022E-03  -2.10039E-03  -2.86530E-01
         316   6.32000E-01   1.15011E-03  -2.09982E-03  -2.86506E-01
         317   6.34000E-01   1.14998E-03  -2.07103E-03  -2.86476E-01
         318   6.36000E-01   1.14986E-03  -2.06908E-03  -2.86458E-01
         319   6.38000E-01   1.14980E-03  -2.07089E-03  -2.86430E-01
         320   6.40000E-01   1.14967E-03  -2.05469E-03  -2.86414E-01
         321   6.42000E-01   1.14962E-03  -2.03778E-03  -2.86390E-01
         322   6.44000E-01   1.14959E-03  -2.06481E-03  -2.86386E-01
         323   6.46000E-01   1.14952E-03  -1.99222E-03  -2.86365E-01
         324   6.48000E-01   1.14947E-03  -2.03132E-03  -2.86383E-01
         325   6.50000E-01   1.14950E-03  -1.94085E-03  -2.86352E-01
         326   6.52000E-01   1.14965E-03  -1.99468E-03  -2.86403E-01
         327   6.54000E-01   1.14964E-03  -1.99984E-03  -2.86414E-01
         328   6.56000E-01   1.14965E-03  -1.96454E-03  -2.86410E-01
         329   6.58000E-01   1.14972E-03  -1.95075E-03  -2.86429E-01
         330   6.60000E-01   1.14984E-03  -1.92575E-03  -2.86454E-01
         331   6.62000E-01   1.15002E-03  -1.98164E-03  -2.86498E-01
         332   6.64000E-01   1.15013E-03  -1.96522E-03  -2.86515E-01
         333   6.66000E-01   1.15030E-03  -2.03322E-03  -2.86550E-01
         334   6.68000E-01   1.15027E-03  -2.02106E-03  -2.86558E-01
         335   6.70000E-01   1.15021E-03  -2.02979E-03  -2.86556E-01
         336   6.72000E-01   1.15019E-03  -1.98882E-03  -2.86538E-01
         337   6.74000E-01   1.15021E-03  -1.99641E-03  -2.86552E-01
         338   6.76000E-01   1.15026E-03  -2.03834E-03  -2.86554E-01
         339   6.78000E-01   1.15016E-03  -2.03161E-03  -2.86545E-01
         340   6.80000E-01   1.15021E-03  -2.02499E-03  -2.86523E-01
         341   6.82000E-01   1.15030E-03  -2.05358E-03  -2.86541E-01
         342   6.84000E-01   1.15030E-03  -2.11406E-03  -2.86547E-01
         343   6.86000E-01   1.15013E-03  -2.09307E-03  -2.86518E-01
         344   6.88000E-01   1.15009E-03  -2.06704E-03  -2.86487E-01
         345   6.90000E-01   1.15007E-03  -2.06534E-03  -2.86488E-01
         346   6.92000E-01   1.15002E-03  -2.07619E-03  -2.86486E-01
         347   6.94000E-01   1.14992E-03  -2.06192E-03  -2.86466E-01
         348   6.96000E-01   1.14986E-03  -2.05661E-03  -2.86448E-01
         349   6.98000E-01   1.14974E-03  -2.00202E-03  -2.86436E-01
         350   7.00000E-01   1.14977E-03  -2.01032E-03  -2.86434E-01
         351   7.02000E-01   1.14971E-03  -1.96570E-03  -2.86437E-01
         352   7.04000E-01   1.14982E-03  -1.95945E-03  -2.86443E-01
         353   7.06000E-01   1.14995E-03  -2.00336E-03  -2.86476E-01
         354   7.08000E-01   1.14992E-03  -1.99869E-03  -2.86485E-01
         355   7.10000E-01   1.14991E-03  -2.00850E-03  -2.86481E-01
         356   7.12000E-01   1.14988E-03  -1.93905E-03  -2.86474E-01
         357   7.14000E-01   1.15000E-03  -2.00011E-03  -2.86501E-01
         358   7.16000E-01   1.15001E-03  -1.96591E-03  -2.86499E-01
         359   7.18000E-01   1.15006E-03  -1.99893E-03  -2.86521E-01
         360   7.20000E-01   1.15003E-03  -1.97609E-03  -2.86515E-01
         361   7.22000E-01   1.15007E-03  -1.99793E-03  -2.86520E-01
         362   7.24000E-01   1.15005E-03  -1.99277E-03  -2.86519E-01
         363   7.26000E-01   1.15020E-03  -1.99393E-03  -2.86517E-01
         364   7.28000E-01   1.15033E-03  -2.07924E-03  -2.86553E-01
         365   7.30000E-01   1.15027E-03  -2.08455E-03  -2.86543E-01
         366   7.32000E-01   1.15025E-03  -2.10321E-03  -2.86526E-01
         367   7.34000E-01   1.15012E-03  -2.05230E-03  -2.86511E-01
         368   7.36000E-01   1.15012E-03  -2.09805E-03  -2.86505E-01
         369   7.38000E-01   1.15002E-03  -2.05764E-03  -2.86481E-01
         370   7.40000E-01   1.15000E-03  -2.05678E-03  -2.86476E-01
         371   7.42000E-01   1.14989E-03  -2.03497E-03  -2.86473E-01
         372   7.44000E-01   1.14982E-03  -2.01693E-03  -2.86454E-01
         373   7.46000E-01   1.14985E-03  -2.01411E-03  -2.86445E-01
         374   7.48000E-01   1.14987E-03  -2.02483E-03  -2.86455E-01
         375   7.50000E-01   1.14982E-03  -1.96879E-03  -2.86454E-01
         376   7.52000E-01   1.14986E-03  -1.96943E-03  -2.86470E-01
         377   7.54000E-01   1.14991E-03  -1.96186E-03  -2.86479E-01
         378   7.56000E-01   1.14993E-03  -2.01229E-03  -2.86496E-01
         379   7.58000E-01   1.14991E-03  -1.94656E-03  -2.86477E-01
         380   7.60000E-01   1.15001E-03  -1.98540E-03  -2.86505E-01
         381   7.62000E-01   1.15008E-03  -1.97072E-03  -2.86510E-01
         382   7.64000E-01   1.15019E-03  -1.97309E-03  -2.86534E-01
         383   7.66000E-01   1.15039E-03  -2.00010E-03  -2.86561E-01
         384   7.68000E-01   1.15047E-03  -2.12930E-03  -2.86597E-01
         385   7.70000E-01   1.15030E-03  -2.03265E-03  -2.86554E-01
         386   7.72000E-01   1.15033E-03  -2.04586E-03  -2.86557E-01
         387   7.74000E-01   1.15036E-03  -2.09966E-03  -2.86559E-01
         388   7.76000E-01   1.15024E-03  -2.11377E-03  -2.86539E-01
         389   7.78000E-01   1.15006E-03  -2.08652E-03  -2.86504E-01
         390   7.80000E-01   1.14992E-03  -2.03887E-03  -2.86471E-01
         391   7.82000E-01   1.14981E-03  -2.07628E-03  -2.86460E-01
         392   7.84000E-01   1.14974E-03  -2.01505E-03  -2.86413E-01
         393   7.86000E-01   1.14982E-03  -2.00845E-03  -2.86428E-01
         394   7.88000E-01   1.14989E-03  -2.05009E-03  -2.86450E-01
         395   7.90000E-01   1.14982E-03  -2.01760E-03  -2.86446E-01
         396   7.92000E-01   1.14976E-03  -2.00745E-03  -2.86446E-01
         397   7.94000E-01   1.14975E-03  -1.98218E-03  -2.86436E-01
         398   7.96000E-01   1.14983E-03  -1.98283E-03  -2.86446E-01
         399   7.98000E-01   1.14986E-03  -1.95763E-03  -2.86467E-01
         400   8.00000E-01   1.15000E-03  -1.97247E-03  -2.86485E-01
         401   8.02000E-01   1.15012E-03  -1.94606E-03  -2.86513E-01
         402   8.04000E-01   1.15031E-03  -2.02398E-03  -2.86557E-01
         403   8.06000E-01   1.15033E-03  -2.00688E-03  -2.86565E-01
         404   8.08000E-01   1.15039E-03  -2.02962E-03  -2.86579E-01
         405   8.10000E-01   1.15041E-03  -2.01026E-03  -2.86582E-01
         406   8.12000E-01   1.15036E-03  -2.00741E-03  -2.86597E-01
         407   8.14000E-01   1.15043E-03  -2.05765E-03  -2.86587E-01
         408   8.16000E-01   1.15028E-03  -2.05599E-03  -2.86579E-01
         409   8.18000E-01   1.15016E-03  -2.00354E-03  -2.86542E-01
         410   8.20000E-01   1.15026E-03  -2.01149E-03  -2.86539E-01
         411   8.22000E-01   1.15031E-03  -2.06162E-03  -2.86560E-01
         412   8.24000E-01   1.15036E-03  -2.10730E-03  -2.86547E-01
         413   8.26000E-01   1.15024E-03  -2.07491E-03  -2.86536E-01
         414   8.28000E-01   1.15017E-03  -2.06189E-03  -2.86522E-01
         415   8.30000E-01   1.15017E-03  -2.09891E-03  -2.86512E-01
         416   8.32000E-01   1.15006E-03  -2.09598E-03  -2.86493E-01
         417   8.34000E-01   1.14995E-03  -2.03559E-03  -2.86467E-01
         418   8.36000E-01   1.14996E-03  -2.04444E-03  -2.86470E-01
         419   8.38000E-01   1.14989E-03  -2.05800E-03  -2.86467E-01
         420   8.40000E-01   1.14976E-03  -2.03090E-03  -2.86443E-01
         421   8.42000E-01   1.14977E-03  -1.97482E-03  -2.86425E-01
         422   8.44000E-01   1.14982E-03  -1.98971E-03  -2.86456E-01
         423   8.46000E-01   1.14984E-03  -1.98915E-03  -2.86461E-01
         424   8.48000E-01   1.14984E-03  -1.97631E-03  -2.86466E-01
         425   8.50000E-01   1.14989E-03  -1.92821E-03  -2.86472E-01
         426   8.52000E-01   1.15001E-03  -1.97387E-03  -2.86508E-01
         427   8.54000E-01   1.15011E-03  -1.98778E-03  -2.86516E-01
         428   8.56000E-01   1.15010E-03  -2.01724E-03  -2.86534E-01
         429   8.58000E-01   1.15014E-03  -1.96646E-03  -2.86516E-01
         430   8.60000E-01   1.15030E-03  -1.99068E-03  -2.86552E-01
         431   8.62000E-01   1.15042E-03  -2.05027E-03  -2.86579E-01
         432   8.64000E-01   1.15049E-03  -2.10498E-03  -2.86579E-01
         433   8.66000E-01   1.15040E-03  -2.06650E-03  -2.86569E-01
         434   8.68000E-01   1.15038E-03  -2.06752E-03  -2.86567E-01
         435   8.70000E-01   1.15035E-03  -2.10687E-03  -2.86562E-01
         436   8.72000E-01   1.15020E-03  -2.13128E-03  -2.86533E-01
         437   8.74000E-01   1.14996E-03  -2.06366E-03  -2.86484E-01
         438   8.76000E-01   1.14989E-03  -2.02005E-03  -2.86458E-01
         439   8.78000E-01   1.14986E-03  -2.05786E-03  -2.86464E-01
         440   8.80000E-01   1.14975E-03  -2.00665E-03  -2.86437E-01
         441   8.82000E-01   1.14974E-03  -1.97855E-03  -2.86434E-01
         442   8.84000E-01   1.14977E-03  -1.98293E-03  -2.86446E-01
         443   8.86000E-01   1.14983E-03  -1.99442E-03  -2.86450E-01
         444   8.88000E-01   1.14988E-03  -1.99919E-03  -2.86461E-01
         445   8.90000E-01   1.14988E-03  -1.98873E-03  -2.86471E-01
         446   8.92000E-01   1.15000E-03  -1.94946E-03  -2.86477E-01
         447   8.94000E-01   1.15015E-03  -2.01024E-03  -2.86526E-01
         448   8.96000E-01   1.15018E-03  -2.03265E-03  -2.86531E-01
         449   8.98000E-01   1.15012E-03  -2.03537E-03  -2.86528E-01
         450   9.00000E-01   1.15009E-03  -1.99447E-03  -2.86512E-01
         451   9.02000E-01   1.15014E-03  -2.01997E-03  -2.86526E-01
         452   9.04000E-01   1.15012E-03  -2.01960E-03  -2.86525E-01
         453   9.06000E-01   1.15016E-03  -2.03072E-03  -2.86520E-01
         454   9.08000E-01   1.15011E-03  -2.05185E-03  -2.86525E-01
         455   9.10000E-01   1.15006E-03  -2.03743E-03  -2.86502E-01
         456   9.12000E-01   1.15004E-03  -2.09125E-03  -2.86495E-01
         457   9.14000E-01   1.14994E-03  -2.03763E-03  -2.86463E-01
         458   9.16000E-01   1.14993E-03  -2.06187E-03  -2.86467E-01
         459   9.18000E-01   1.14986E-03  -2.05204E-03  -2.86451E-01
         460   9.20000E-01   1.14984E-03  -2.05846E-03  -2.86440E-01
         461   9.22000E-01   1.14983E-03  -2.00949E-03  -2.86430E-01
         462   9.24000E-01   1.14986E-03  -2.01272E-03  -2.86452E-01
         463   9.26000E-01   1.14989E-03  -2.03457E-03  -2.86458E-01
         464   9.28000E-01   1.14987E-03  -2.02203E-03  -2.86455E-01
         465   9.30000E-01   1.14988E-03  -2.00377E-03  -2.86456E-01
         466   9.32000E-01   1.14994E-03  -1.99556E-03  -2.86468E-01
         467   9.34000E-01   1.15007E-03  -1.99568E-03  -2.86487E-01
         468   9.36000E-01   1.15009E-03  -2.06264E-03  -2.86519E-01
         469   9.38000E-01   1.14994E-03  -1.99262E-03  -2.86492E-01
         470   9.40000E-01   1.14993E-03  -1.98403E-03  -2.86489E-01
         471   9.42000E-01   1.14990E-03  -1.99250E-03  -2.86491E-01
         472   9.44000E-01   1.14992E-03  -1.97760E-03  -2.86478E-01
         473   9.46000E-01   1.15002E-03  -1.95761E-03  -2.86492E-01
         474   9.48000E-01   1.15007E-03  -2.00468E-03  -2.86525E-01
         475   9.50000E-01   1.15008E-03  -2.01948E-03  -2.86515E-01
         476   9.52000E-01   1.15016E-03  -2.06558E-03  -2.86510E-01
         477   9.54000E-01   1.15007E-03  -2.03897E-03  -2.86508E-01
         478   9.56000E-01   1.15010E-03  -2.05218E-03  -2.86498E-01
         479   9.58000E-01   1.15013E-03  -2.08106E-03  -2.86499E-01
         480   9.60000E-01   1.15002E-03  -2.07675E-03  -2.86491E-01
         481   9.62000E-01   1.14994E-03  -2.07299E-03  -2.86466E-01
         482   9.64000E-01   1.14988E-03  -2.06231E-03  -2.86449E-01
         483   9.66000E-01   1.14995E-03  -2.05369E-03  -2.86438E-01
         484   9.68000E-01   1.14997E-03  -2.12132E-03  -2.86459E-01
         485   9.70000E-01   1.14980E-03  -2.03901E-03  -2.86432E-01
         486   9.72000E-01   1.14980E-03  -2.02990E-03  -2.86432E-01
         487   9.74000E-01   1.14973E-03  -2.01598E-03  -2.86436E-01
         488   9.76000E-01   1.14969E-03  -2.04492E-03  -2.86424E-01
         489   9.78000E-01   1.14961E-03  -1.97356E-03  -2.86399E-01
         490   9.80000E-01   1.14961E-03  -1.93814E-03  -2.86415E-01
         491   9.82000E-01   1.14972E-03  -1.96690E-03  -2.86433E-01
         492   9.84000E-01   1.14972E-03  -1.92979E-03  -2.86446E-01
         493   9.86000E-01   1.15000E-03  -1.91992E-03  -2.86465E-01
         494   9.88000E-01   1.15027E-03  -2.02259E-03  -2.86541E-01
         495   9.90000E-01   1.15031E-03  -2.01677E-03  -2.86557E-01
         496   9.92000E-01   1.15031E-03  -2.01875E-03  -2.86570E-01
         497   9.94000E-01   1.15040E-03  -2.03254E-03  -2.86567E-01
         498   9.96000E-01   1.15038E-03  -2.03899E-03  -2.86584E-01
         499   9.98000E-01   1.15035E-03  -2.06506E-03  -2.86576E-01
         500   1.00000E+00   1.15032E-03  -2.06993E-03  -2.86555E-01
