    Timestep          Time             Y          Rise        Inflow
      number                    centroid      velocity      velocity
           1   2.00000E-03  -2.13490E-18   3.62838E-02   5.33725E-16
           2   4.00000E-03   7.38733E-05   5.27334E-02  -1.81419E-02
           3   6.00000E-03   1.81039E-04   5.88449E-02  -4.48350E-02
           4   8.00000E-03   3.00435E-04   5.98900E-02  -7.46821E-02
           5   1.00000E-02   4.21635E-04   5.83874E-02  -1.05054E-01
           6   1.20000E-02   5.40035E-04   5.55073E-02  -1.34602E-01
           7   1.40000E-02   6.52757E-04   5.17435E-02  -1.62762E-01
           8   1.60000E-02   7.58282E-04   4.72533E-02  -1.89061E-01
           9   1.80000E-02   8.55212E-04   4.22872E-02  -2.13197E-01
          10   2.00000E-02   9.42605E-04   3.71729E-02  -2.34947E-01
          11   2.20000E-02   1.02015E-03   3.19998E-02  -2.54238E-01
          12   2.40000E-02   1.08778E-03   2.70392E-02  -2.71036E-01
          13   2.60000E-02   1.14599E-03   2.21507E-02  -2.85464E-01
          14   2.80000E-02   1.19473E-03   1.76511E-02  -2.97574E-01
          15   3.00000E-02   1.23479E-03   1.35426E-02  -3.07508E-01
          16   3.20000E-02   1.26779E-03   9.92129E-03  -3.15469E-01
          17   3.40000E-02   1.29285E-03   6.60946E-03  -3.21909E-01
          18   3.60000E-02   1.30566E-03   3.81320E-03  -3.26517E-01
          19   3.80000E-02   1.31142E-03   2.63892E-03  -3.28322E-01
          20   4.00000E-02   1.31653E-03   2.28197E-03  -3.29175E-01
          21   4.20000E-02   1.32394E-03   1.32904E-03  -3.30273E-01
          22   4.40000E-02   1.33200E-03  -3.39792E-04  -3.31649E-01
          23   4.60000E-02   1.33927E-03  -2.06275E-03  -3.32831E-01
          24   4.80000E-02   1.34520E-03  -4.13501E-03  -3.33786E-01
          25   5.00000E-02   1.34671E-03  -5.95354E-03  -3.34234E-01
          26   5.20000E-02   1.34463E-03  -6.92820E-03  -3.33700E-01
          27   5.40000E-02   1.34170E-03  -7.44834E-03  -3.32695E-01
          28   5.60000E-02   1.33687E-03  -8.10407E-03  -3.31700E-01
          29   5.80000E-02   1.32997E-03  -8.21836E-03  -3.30165E-01
          30   6.00000E-02   1.32318E-03  -7.93177E-03  -3.28384E-01
          31   6.20000E-02   1.31777E-03  -7.85381E-03  -3.26830E-01
          32   6.40000E-02   1.31303E-03  -7.99270E-03  -3.25515E-01
          33   6.60000E-02   1.30887E-03  -8.04804E-03  -3.24261E-01
          34   6.80000E-02   1.30462E-03  -8.20905E-03  -3.23193E-01
          35   7.00000E-02   1.29984E-03  -8.08689E-03  -3.22049E-01
          36   7.20000E-02   1.29542E-03  -7.76029E-03  -3.20917E-01
          37   7.40000E-02   1.29128E-03  -7.50111E-03  -3.19974E-01
          38   7.60000E-02   1.28843E-03  -6.99584E-03  -3.19070E-01
          39   7.80000E-02   1.28708E-03  -6.79898E-03  -3.18611E-01
          40   8.00000E-02   1.28654E-03  -6.71796E-03  -3.18370E-01
          41   8.20000E-02   1.28647E-03  -6.63502E-03  -3.18276E-01
          42   8.40000E-02   1.28624E-03  -6.57505E-03  -3.18301E-01
          43   8.60000E-02   1.28676E-03  -6.30363E-03  -3.18273E-01
          44   8.80000E-02   1.28846E-03  -6.24597E-03  -3.18538E-01
          45   9.00000E-02   1.29172E-03  -6.21948E-03  -3.18993E-01
          46   9.20000E-02   1.29589E-03  -6.39107E-03  -3.19821E-01
          47   9.40000E-02   1.29870E-03  -6.66240E-03  -3.20778E-01
          48   9.60000E-02   1.30178E-03  -6.47665E-03  -3.21343E-01
          49   9.80000E-02   1.30472E-03  -6.48927E-03  -3.22207E-01
          50   1.00000E-01   1.30805E-03  -6.29537E-03  -3.22935E-01
          51   1.02000E-01   1.31196E-03  -6.29984E-03  -3.23865E-01
          52   1.04000E-01   1.31493E-03  -6.46812E-03  -3.24840E-01
          53   1.06000E-01   1.31657E-03  -6.42254E-03  -3.25497E-01
          54   1.08000E-01   1.31900E-03  -6.24066E-03  -3.25931E-01
          55   1.10000E-01   1.32289E-03  -6.32949E-03  -3.26631E-01
          56   1.12000E-01   1.32752E-03  -6.95904E-03  -3.27557E-01
          57   1.14000E-01   1.33187E-03  -7.79362E-03  -3.28400E-01
          58   1.16000E-01   1.33581E-03  -8.67992E-03  -3.29071E-01
          59   1.18000E-01   1.33894E-03  -9.51994E-03  -3.29613E-01
          60   1.20000E-01   1.34140E-03  -1.03840E-02  -3.29976E-01
          61   1.22000E-01   1.34326E-03  -1.12012E-02  -3.30157E-01
          62   1.24000E-01   1.34459E-03  -1.19670E-02  -3.30215E-01
          63   1.26000E-01   1.34518E-03  -1.27663E-02  -3.30165E-01
          64   1.28000E-01   1.34495E-03  -1.34659E-02  -3.29911E-01
          65   1.30000E-01   1.34438E-03  -1.38961E-02  -3.29504E-01
          66   1.32000E-01   1.34359E-03  -1.42423E-02  -3.29148E-01
          67   1.34000E-01   1.34339E-03  -1.43937E-02  -3.28775E-01
          68   1.36000E-01   1.34433E-03  -1.47866E-02  -3.28650E-01
          69   1.38000E-01   1.34466E-03  -1.53439E-02  -3.28689E-01
          70   1.40000E-01   1.34431E-03  -1.55707E-02  -3.28494E-01
          71   1.42000E-01   1.34388E-03  -1.56644E-02  -3.28292E-01
          72   1.44000E-01   1.34344E-03  -1.58696E-02  -3.28139E-01
          73   1.46000E-01   1.34267E-03  -1.59948E-02  -3.27925E-01
          74   1.48000E-01   1.34181E-03  -1.59580E-02  -3.27669E-01
          75   1.50000E-01   1.34148E-03  -1.59309E-02  -3.27473E-01
          76   1.52000E-01   1.34164E-03  -1.60712E-02  -3.27405E-01
          77   1.54000E-01   1.34162E-03  -1.63294E-02  -3.27375E-01
          78   1.56000E-01   1.34037E-03  -1.64277E-02  -3.27241E-01
          79   1.58000E-01   1.33967E-03  -1.62477E-02  -3.26879E-01
          80   1.60000E-01   1.33993E-03  -1.63346E-02  -3.26794E-01
          81   1.62000E-01   1.34060E-03  -1.64711E-02  -3.26816E-01
          82   1.64000E-01   1.34204E-03  -1.65456E-02  -3.26914E-01
          83   1.66000E-01   1.34380E-03  -1.69161E-02  -3.27237E-01
          84   1.68000E-01   1.34532E-03  -1.69720E-02  -3.27491E-01
          85   1.70000E-01   1.34750E-03  -1.72112E-02  -3.27843E-01
          86   1.72000E-01   1.35009E-03  -1.75493E-02  -3.28269E-01
          87   1.74000E-01   1.35236E-03  -1.79463E-02  -3.28748E-01
          88   1.76000E-01   1.35368E-03  -1.82019E-02  -3.29118E-01
          89   1.78000E-01   1.35461E-03  -1.83062E-02  -3.29319E-01
          90   1.80000E-01   1.35548E-03  -1.82572E-02  -3.29499E-01
          91   1.82000E-01   1.35653E-03  -1.81869E-02  -3.29742E-01
          92   1.84000E-01   1.35833E-03  -1.82637E-02  -3.30040E-01
          93   1.86000E-01   1.36031E-03  -1.85463E-02  -3.30450E-01
          94   1.88000E-01   1.36191E-03  -1.88399E-02  -3.30804E-01
          95   1.90000E-01   1.36326E-03  -1.91030E-02  -3.31058E-01
          96   1.92000E-01   1.36400E-03  -1.93749E-02  -3.31265E-01
          97   1.94000E-01   1.36186E-03  -1.95447E-02  -3.31313E-01
          98   1.96000E-01   1.36162E-03  -1.92389E-02  -3.30692E-01
          99   1.98000E-01   1.35916E-03  -1.97306E-02  -3.30785E-01
         100   2.00000E-01   1.35574E-03  -1.92521E-02  -3.29926E-01
         101   2.02000E-01   1.35433E-03  -1.88539E-02  -3.29310E-01
         102   2.04000E-01   1.35372E-03  -1.87470E-02  -3.29156E-01
         103   2.06000E-01   1.35447E-03  -1.86464E-02  -3.29058E-01
         104   2.08000E-01   1.35513E-03  -1.88599E-02  -3.29294E-01
         105   2.10000E-01   1.35559E-03  -1.88937E-02  -3.29351E-01
         106   2.12000E-01   1.35378E-03  -1.88904E-02  -3.29451E-01
         107   2.14000E-01   1.35141E-03  -1.83463E-02  -3.28999E-01
         108   2.16000E-01   1.34794E-03  -1.77976E-02  -3.28680E-01
         109   2.18000E-01   1.34769E-03  -1.69967E-02  -3.28085E-01
         110   2.20000E-01   1.34879E-03  -1.72273E-02  -3.28424E-01
         111   2.22000E-01   1.34954E-03  -1.73683E-02  -3.28585E-01
         112   2.24000E-01   1.34961E-03  -1.74235E-02  -3.28700E-01
         113   2.26000E-01   1.34959E-03  -1.73496E-02  -3.28691E-01
         114   2.28000E-01   1.34960E-03  -1.72905E-02  -3.28722E-01
         115   2.30000E-01   1.34850E-03  -1.72207E-02  -3.28756E-01
         116   2.32000E-01   1.34743E-03  -1.68652E-02  -3.28516E-01
         117   2.34000E-01   1.34706E-03  -1.66137E-02  -3.28424E-01
         118   2.36000E-01   1.34703E-03  -1.65159E-02  -3.28457E-01
         119   2.38000E-01   1.34878E-03  -1.64047E-02  -3.28499E-01
         120   2.40000E-01   1.35103E-03  -1.66558E-02  -3.28992E-01
         121   2.42000E-01   1.35354E-03  -1.68632E-02  -3.29429E-01
         122   2.44000E-01   1.35530E-03  -1.71967E-02  -3.29953E-01
         123   2.46000E-01   1.35826E-03  -1.73185E-02  -3.30226E-01
         124   2.48000E-01   1.36129E-03  -1.78055E-02  -3.30906E-01
         125   2.50000E-01   1.36226E-03  -1.81902E-02  -3.31420E-01
         126   2.52000E-01   1.36293E-03  -1.81622E-02  -3.31471E-01
         127   2.54000E-01   1.36311E-03  -1.83115E-02  -3.31651E-01
         128   2.56000E-01   1.36441E-03  -1.82894E-02  -3.31623E-01
         129   2.58000E-01   1.36435E-03  -1.86899E-02  -3.31957E-01
         130   2.60000E-01   1.36410E-03  -1.85945E-02  -3.31742E-01
         131   2.62000E-01   1.36412E-03  -1.87802E-02  -3.31729E-01
         132   2.64000E-01   1.36363E-03  -1.90593E-02  -3.31640E-01
         133   2.66000E-01   1.36191E-03  -1.91248E-02  -3.31379E-01
         134   2.68000E-01   1.36095E-03  -1.89857E-02  -3.30914E-01
         135   2.70000E-01   1.36029E-03  -1.90884E-02  -3.30745E-01
         136   2.72000E-01   1.35993E-03  -1.91218E-02  -3.30528E-01
         137   2.74000E-01   1.35977E-03  -1.92190E-02  -3.30422E-01
         138   2.76000E-01   1.35976E-03  -1.93312E-02  -3.30333E-01
         139   2.78000E-01   1.35952E-03  -1.94985E-02  -3.30274E-01
         140   2.80000E-01   1.35915E-03  -1.96087E-02  -3.30131E-01
         141   2.82000E-01   1.35873E-03  -1.97441E-02  -3.29982E-01
         142   2.84000E-01   1.35826E-03  -1.98727E-02  -3.29811E-01
         143   2.86000E-01   1.35774E-03  -2.00033E-02  -3.29629E-01
         144   2.88000E-01   1.35752E-03  -2.01212E-02  -3.29434E-01
         145   2.90000E-01   1.35696E-03  -2.02905E-02  -3.29319E-01
         146   2.92000E-01   1.35623E-03  -2.03229E-02  -3.29096E-01
         147   2.94000E-01   1.35534E-03  -2.03643E-02  -3.28896E-01
         148   2.96000E-01   1.35470E-03  -2.03498E-02  -3.28654E-01
         149   2.98000E-01   1.35424E-03  -2.03762E-02  -3.28501E-01
         150   3.00000E-01   1.35391E-03  -2.04467E-02  -3.28372E-01
         151   3.02000E-01   1.35341E-03  -2.05139E-02  -3.28254E-01
         152   3.04000E-01   1.35276E-03  -2.04454E-02  -3.28097E-01
         153   3.06000E-01   1.35247E-03  -2.03734E-02  -3.27966E-01
         154   3.08000E-01   1.35267E-03  -2.03602E-02  -3.27931E-01
         155   3.10000E-01   1.35306E-03  -2.04158E-02  -3.27989E-01
         156   3.12000E-01   1.35332E-03  -2.04455E-02  -3.28057E-01
         157   3.14000E-01   1.35369E-03  -2.05258E-02  -3.28106E-01
         158   3.16000E-01   1.35382E-03  -2.06271E-02  -3.28158E-01
         159   3.18000E-01   1.35422E-03  -2.07120E-02  -3.28142E-01
         160   3.20000E-01   1.35398E-03  -2.08174E-02  -3.28200E-01
         161   3.22000E-01   1.35349E-03  -2.07332E-02  -3.28086E-01
         162   3.24000E-01   1.35339E-03  -2.06904E-02  -3.28007E-01
         163   3.26000E-01   1.35338E-03  -2.07080E-02  -3.28003E-01
         164   3.28000E-01   1.35309E-03  -2.07358E-02  -3.27992E-01
         165   3.30000E-01   1.35281E-03  -2.06834E-02  -3.27905E-01
         166   3.32000E-01   1.35384E-03  -2.07015E-02  -3.27861E-01
         167   3.34000E-01   1.35314E-03  -2.09937E-02  -3.28108E-01
         168   3.36000E-01   1.35285E-03  -2.07184E-02  -3.27787E-01
         169   3.38000E-01   1.35213E-03  -2.08387E-02  -3.27854E-01
         170   3.40000E-01   1.35147E-03  -2.06607E-02  -3.27614E-01
         171   3.42000E-01   1.35137E-03  -2.06177E-02  -3.27538E-01
         172   3.44000E-01   1.35138E-03  -2.06322E-02  -3.27534E-01
         173   3.46000E-01   1.35116E-03  -2.06588E-02  -3.27530E-01
         174   3.48000E-01   1.35080E-03  -2.06027E-02  -3.27460E-01
         175   3.50000E-01   1.35135E-03  -2.05610E-02  -3.27399E-01
         176   3.52000E-01   1.35151E-03  -2.07445E-02  -3.27557E-01
         177   3.54000E-01   1.35143E-03  -2.07203E-02  -3.27504E-01
         178   3.56000E-01   1.35140E-03  -2.07398E-02  -3.27497E-01
         179   3.58000E-01   1.35162E-03  -2.07608E-02  -3.27479E-01
         180   3.60000E-01   1.35203E-03  -2.08519E-02  -3.27525E-01
         181   3.62000E-01   1.35237E-03  -2.09431E-02  -3.27580E-01
         182   3.64000E-01   1.35288E-03  -2.10213E-02  -3.27621E-01
         183   3.66000E-01   1.35298E-03  -2.11438E-02  -3.27709E-01
         184   3.68000E-01   1.35286E-03  -2.11425E-02  -3.27673E-01
         185   3.70000E-01   1.35284E-03  -2.11444E-02  -3.27644E-01
         186   3.72000E-01   1.35304E-03  -2.11774E-02  -3.27638E-01
         187   3.74000E-01   1.35304E-03  -2.12572E-02  -3.27672E-01
         188   3.76000E-01   1.35292E-03  -2.12635E-02  -3.27633E-01
         189   3.78000E-01   1.35295E-03  -2.12748E-02  -3.27597E-01
         190   3.80000E-01   1.35327E-03  -2.13407E-02  -3.27600E-01
         191   3.82000E-01   1.35338E-03  -2.14395E-02  -3.27648E-01
         192   3.84000E-01   1.35320E-03  -2.14529E-02  -3.27625E-01
         193   3.86000E-01   1.35324E-03  -2.14627E-02  -3.27573E-01
         194   3.88000E-01   1.35274E-03  -2.15120E-02  -3.27578E-01
         195   3.90000E-01   1.35232E-03  -2.13890E-02  -3.27429E-01
         196   3.92000E-01   1.35235E-03  -2.13887E-02  -3.27386E-01
         197   3.94000E-01   1.35197E-03  -2.14306E-02  -3.27393E-01
         198   3.96000E-01   1.35177E-03  -2.13075E-02  -3.27278E-01
         199   3.98000E-01   1.35229E-03  -2.13193E-02  -3.27288E-01
         200   4.00000E-01   1.35217E-03  -2.14420E-02  -3.27414E-01
         201   4.02000E-01   1.35175E-03  -2.13148E-02  -3.27321E-01
         202   4.04000E-01   1.35199E-03  -2.12308E-02  -3.27279E-01
         203   4.06000E-01   1.35257E-03  -2.13015E-02  -3.27383E-01
         204   4.08000E-01   1.35349E-03  -2.13613E-02  -3.27491E-01
         205   4.10000E-01   1.35323E-03  -2.15042E-02  -3.27693E-01
         206   4.12000E-01   1.35273E-03  -2.12977E-02  -3.27557E-01
         207   4.14000E-01   1.35218E-03  -2.11692E-02  -3.27533E-01
         208   4.16000E-01   1.35265E-03  -2.10063E-02  -3.27459E-01
         209   4.18000E-01   1.35263E-03  -2.10803E-02  -3.27659E-01
         210   4.20000E-01   1.35307E-03  -2.09307E-02  -3.27616E-01
         211   4.22000E-01   1.35286E-03  -2.10092E-02  -3.27803E-01
         212   4.24000E-01   1.35240E-03  -2.07928E-02  -3.27709E-01
         213   4.26000E-01   1.35320E-03  -2.06639E-02  -3.27705E-01
         214   4.28000E-01   1.35429E-03  -2.08148E-02  -3.27968E-01
         215   4.30000E-01   1.35498E-03  -2.08989E-02  -3.28164E-01
         216   4.32000E-01   1.35584E-03  -2.08849E-02  -3.28294E-01
         217   4.34000E-01   1.35749E-03  -2.09702E-02  -3.28518E-01
         218   4.36000E-01   1.35841E-03  -2.12072E-02  -3.28888E-01
         219   4.38000E-01   1.35883E-03  -2.11638E-02  -3.28999E-01
         220   4.40000E-01   1.35971E-03  -2.11488E-02  -3.29125E-01
         221   4.42000E-01   1.36008E-03  -2.12107E-02  -3.29354E-01
         222   4.44000E-01   1.36111E-03  -2.11012E-02  -3.29415E-01
         223   4.46000E-01   1.36189E-03  -2.12863E-02  -3.29726E-01
         224   4.48000E-01   1.36193E-03  -2.12355E-02  -3.29829E-01
         225   4.50000E-01   1.36298E-03  -2.11422E-02  -3.29865E-01
         226   4.52000E-01   1.36381E-03  -2.13371E-02  -3.30174E-01
         227   4.54000E-01   1.36331E-03  -2.13025E-02  -3.30284E-01
         228   4.56000E-01   1.36390E-03  -2.10803E-02  -3.30176E-01
         229   4.58000E-01   1.36399E-03  -2.12179E-02  -3.30436E-01
         230   4.60000E-01   1.36400E-03  -2.10415E-02  -3.30388E-01
         231   4.62000E-01   1.36506E-03  -2.09944E-02  -3.30479E-01
         232   4.64000E-01   1.36664E-03  -2.11701E-02  -3.30768E-01
         233   4.66000E-01   1.36794E-03  -2.13641E-02  -3.31074E-01
         234   4.68000E-01   1.36934E-03  -2.14876E-02  -3.31303E-01
         235   4.70000E-01   1.37010E-03  -2.16751E-02  -3.31592E-01
         236   4.72000E-01   1.37068E-03  -2.16606E-02  -3.31688E-01
         237   4.74000E-01   1.37137E-03  -2.16879E-02  -3.31841E-01
         238   4.76000E-01   1.37218E-03  -2.17217E-02  -3.31999E-01
         239   4.78000E-01   1.37325E-03  -2.17809E-02  -3.32185E-01
         240   4.80000E-01   1.37327E-03  -2.18953E-02  -3.32423E-01
         241   4.82000E-01   1.37318E-03  -2.16733E-02  -3.32369E-01
         242   4.84000E-01   1.37348E-03  -2.15776E-02  -3.32457E-01
         243   4.86000E-01   1.37501E-03  -2.15483E-02  -3.32580E-01
         244   4.88000E-01   1.37639E-03  -2.18439E-02  -3.32978E-01
         245   4.90000E-01   1.37756E-03  -2.19563E-02  -3.33174E-01
         246   4.92000E-01   1.37839E-03  -2.21190E-02  -3.33412E-01
         247   4.94000E-01   1.37868E-03  -2.21492E-02  -3.33538E-01
         248   4.96000E-01   1.37911E-03  -2.21395E-02  -3.33595E-01
         249   4.98000E-01   1.37950E-03  -2.21692E-02  -3.33707E-01
         250   5.00000E-01   1.38015E-03  -2.21643E-02  -3.33791E-01
         251   5.02000E-01   1.38081E-03  -2.22193E-02  -3.33957E-01
         252   5.04000E-01   1.38152E-03  -2.22505E-02  -3.34094E-01
         253   5.06000E-01   1.38190E-03  -2.22852E-02  -3.34255E-01
         254   5.08000E-01   1.38250E-03  -2.22415E-02  -3.34332E-01
         255   5.10000E-01   1.38248E-03  -2.22703E-02  -3.34505E-01
         256   5.12000E-01   1.38236E-03  -2.21001E-02  -3.34486E-01
         257   5.14000E-01   1.38250E-03  -2.19873E-02  -3.34541E-01
         258   5.16000E-01   1.38304E-03  -2.18886E-02  -3.34631E-01
         259   5.18000E-01   1.38367E-03  -2.19158E-02  -3.34816E-01
         260   5.20000E-01   1.38407E-03  -2.19166E-02  -3.34958E-01
         261   5.22000E-01   1.38428E-03  -2.18848E-02  -3.35060E-01
         262   5.24000E-01   1.38468E-03  -2.18421E-02  -3.35128E-01
         263   5.26000E-01   1.38459E-03  -2.18717E-02  -3.35248E-01
         264   5.28000E-01   1.38475E-03  -2.17418E-02  -3.35212E-01
         265   5.30000E-01   1.38490E-03  -2.18010E-02  -3.35317E-01
         266   5.32000E-01   1.38485E-03  -2.17208E-02  -3.35324E-01
         267   5.34000E-01   1.38524E-03  -2.16788E-02  -3.35352E-01
         268   5.36000E-01   1.38541E-03  -2.16929E-02  -3.35469E-01
         269   5.38000E-01   1.38552E-03  -2.16544E-02  -3.35507E-01
         270   5.40000E-01   1.38613E-03  -2.16848E-02  -3.35554E-01
         271   5.42000E-01   1.38625E-03  -2.17799E-02  -3.35689E-01
         272   5.44000E-01   1.38653E-03  -2.17476E-02  -3.35672E-01
         273   5.46000E-01   1.38686E-03  -2.18317E-02  -3.35758E-01
         274   5.48000E-01   1.38725E-03  -2.19118E-02  -3.35800E-01
         275   5.50000E-01   1.38808E-03  -2.20691E-02  -3.35856E-01
         276   5.52000E-01   1.38782E-03  -2.22398E-02  -3.35984E-01
         277   5.54000E-01   1.38751E-03  -2.21541E-02  -3.35835E-01
         278   5.56000E-01   1.38763E-03  -2.22329E-02  -3.35800E-01
         279   5.58000E-01   1.38779E-03  -2.22889E-02  -3.35791E-01
         280   5.60000E-01   1.38730E-03  -2.23189E-02  -3.35804E-01
         281   5.62000E-01   1.38681E-03  -2.22531E-02  -3.35666E-01
         282   5.64000E-01   1.38650E-03  -2.21967E-02  -3.35575E-01
         283   5.66000E-01   1.38590E-03  -2.21599E-02  -3.35528E-01
         284   5.68000E-01   1.38560E-03  -2.20383E-02  -3.35394E-01
         285   5.70000E-01   1.38515E-03  -2.20489E-02  -3.35380E-01
         286   5.72000E-01   1.38511E-03  -2.19443E-02  -3.35263E-01
         287   5.74000E-01   1.38468E-03  -2.19888E-02  -3.35305E-01
         288   5.76000E-01   1.38521E-03  -2.18684E-02  -3.35176E-01
         289   5.78000E-01   1.38573E-03  -2.20815E-02  -3.35369E-01
         290   5.80000E-01   1.38567E-03  -2.21143E-02  -3.35392E-01
         291   5.82000E-01   1.38571E-03  -2.20714E-02  -3.35360E-01
         292   5.84000E-01   1.38547E-03  -2.20756E-02  -3.35393E-01
         293   5.86000E-01   1.38528E-03  -2.19592E-02  -3.35330E-01
         294   5.88000E-01   1.38549E-03  -2.19272E-02  -3.35341E-01
         295   5.90000E-01   1.38556E-03  -2.19475E-02  -3.35409E-01
         296   5.92000E-01   1.38537E-03  -2.18792E-02  -3.35416E-01
         297   5.94000E-01   1.38508E-03  -2.17898E-02  -3.35403E-01
         298   5.96000E-01   1.38567E-03  -2.16901E-02  -3.35374E-01
         299   5.98000E-01   1.38595E-03  -2.18418E-02  -3.35574E-01
         300   6.00000E-01   1.38606E-03  -2.17960E-02  -3.35565E-01
         301   6.02000E-01   1.38636E-03  -2.18307E-02  -3.35616E-01
         302   6.04000E-01   1.38644E-03  -2.18880E-02  -3.35675E-01
         303   6.06000E-01   1.38629E-03  -2.18343E-02  -3.35666E-01
         304   6.08000E-01   1.38623E-03  -2.18013E-02  -3.35656E-01
         305   6.10000E-01   1.38629E-03  -2.17760E-02  -3.35657E-01
         306   6.12000E-01   1.38646E-03  -2.17777E-02  -3.35686E-01
         307   6.14000E-01   1.38603E-03  -2.17988E-02  -3.35727E-01
         308   6.16000E-01   1.38579E-03  -2.16666E-02  -3.35608E-01
         309   6.18000E-01   1.38653E-03  -2.16927E-02  -3.35614E-01
         310   6.20000E-01   1.38672E-03  -2.18702E-02  -3.35787E-01
         311   6.22000E-01   1.38655E-03  -2.18410E-02  -3.35744E-01
         312   6.24000E-01   1.38652E-03  -2.18729E-02  -3.35717E-01
         313   6.26000E-01   1.38666E-03  -2.18761E-02  -3.35695E-01
         314   6.28000E-01   1.38670E-03  -2.19450E-02  -3.35726E-01
         315   6.30000E-01   1.38636E-03  -2.19352E-02  -3.35704E-01
         316   6.32000E-01   1.38668E-03  -2.19184E-02  -3.35621E-01
         317   6.34000E-01   1.38706E-03  -2.21116E-02  -3.35710E-01
         318   6.36000E-01   1.38669E-03  -2.21338E-02  -3.35708E-01
         319   6.38000E-01   1.38682E-03  -2.21306E-02  -3.35605E-01
         320   6.40000E-01   1.38652E-03  -2.21902E-02  -3.35639E-01
         321   6.42000E-01   1.38678E-03  -2.21537E-02  -3.35536E-01
         322   6.44000E-01   1.38661E-03  -2.22947E-02  -3.35618E-01
         323   6.46000E-01   1.38649E-03  -2.22274E-02  -3.35506E-01
         324   6.48000E-01   1.38647E-03  -2.22737E-02  -3.35509E-01
         325   6.50000E-01   1.38553E-03  -2.22761E-02  -3.35480E-01
         326   6.52000E-01   1.38508E-03  -2.20742E-02  -3.35245E-01
         327   6.54000E-01   1.38467E-03  -2.20492E-02  -3.35232E-01
         328   6.56000E-01   1.38477E-03  -2.19619E-02  -3.35143E-01
         329   6.58000E-01   1.38507E-03  -2.20653E-02  -3.35211E-01
         330   6.60000E-01   1.38484E-03  -2.21105E-02  -3.35236E-01
         331   6.62000E-01   1.38453E-03  -2.20665E-02  -3.35154E-01
         332   6.64000E-01   1.38453E-03  -2.20287E-02  -3.35099E-01
         333   6.66000E-01   1.38456E-03  -2.20805E-02  -3.35117E-01
         334   6.68000E-01   1.38408E-03  -2.20605E-02  -3.35099E-01
         335   6.70000E-01   1.38395E-03  -2.19514E-02  -3.34989E-01
         336   6.72000E-01   1.38433E-03  -2.19783E-02  -3.35013E-01
         337   6.74000E-01   1.38453E-03  -2.20339E-02  -3.35094E-01
         338   6.76000E-01   1.38454E-03  -2.20389E-02  -3.35116E-01
         339   6.78000E-01   1.38487E-03  -2.20132E-02  -3.35115E-01
         340   6.80000E-01   1.38484E-03  -2.21097E-02  -3.35212E-01
         341   6.82000E-01   1.38516E-03  -2.20252E-02  -3.35156E-01
         342   6.84000E-01   1.38531E-03  -2.21105E-02  -3.35276E-01
         343   6.86000E-01   1.38532E-03  -2.21060E-02  -3.35273E-01
         344   6.88000E-01   1.38528E-03  -2.20603E-02  -3.35276E-01
         345   6.90000E-01   1.38544E-03  -2.20521E-02  -3.35290E-01
         346   6.92000E-01   1.38619E-03  -2.20823E-02  -3.35333E-01
         347   6.94000E-01   1.38690E-03  -2.22543E-02  -3.35507E-01
         348   6.96000E-01   1.38682E-03  -2.23460E-02  -3.35597E-01
         349   6.98000E-01   1.38665E-03  -2.22763E-02  -3.35531E-01
         350   7.00000E-01   1.38662E-03  -2.22599E-02  -3.35523E-01
         351   7.02000E-01   1.38659E-03  -2.22457E-02  -3.35525E-01
         352   7.04000E-01   1.38611E-03  -2.22241E-02  -3.35524E-01
         353   7.06000E-01   1.38592E-03  -2.20827E-02  -3.35415E-01
         354   7.08000E-01   1.38620E-03  -2.20666E-02  -3.35438E-01
         355   7.10000E-01   1.38609E-03  -2.21081E-02  -3.35518E-01
         356   7.12000E-01   1.38588E-03  -2.20605E-02  -3.35468E-01
         357   7.14000E-01   1.38560E-03  -2.19830E-02  -3.35440E-01
         358   7.16000E-01   1.38520E-03  -2.19736E-02  -3.35409E-01
         359   7.18000E-01   1.38503E-03  -2.18333E-02  -3.35314E-01
         360   7.20000E-01   1.38498E-03  -2.18753E-02  -3.35340E-01
         361   7.22000E-01   1.38543E-03  -2.18514E-02  -3.35307E-01
         362   7.24000E-01   1.38533E-03  -2.19757E-02  -3.35431E-01
         363   7.26000E-01   1.38517E-03  -2.19145E-02  -3.35345E-01
         364   7.28000E-01   1.38494E-03  -2.18680E-02  -3.35334E-01
         365   7.30000E-01   1.38551E-03  -2.18766E-02  -3.35302E-01
         366   7.32000E-01   1.38549E-03  -2.19794E-02  -3.35440E-01
         367   7.34000E-01   1.38581E-03  -2.19348E-02  -3.35384E-01
         368   7.36000E-01   1.38585E-03  -2.19959E-02  -3.35486E-01
         369   7.38000E-01   1.38602E-03  -2.19598E-02  -3.35465E-01
         370   7.40000E-01   1.38626E-03  -2.19779E-02  -3.35525E-01
         371   7.42000E-01   1.38642E-03  -2.20139E-02  -3.35575E-01
         372   7.44000E-01   1.38636E-03  -2.19618E-02  -3.35598E-01
         373   7.46000E-01   1.38647E-03  -2.19594E-02  -3.35609E-01
         374   7.48000E-01   1.38608E-03  -2.19336E-02  -3.35639E-01
         375   7.50000E-01   1.38617E-03  -2.18078E-02  -3.35553E-01
         376   7.52000E-01   1.38657E-03  -2.18525E-02  -3.35638E-01
         377   7.54000E-01   1.38638E-03  -2.18928E-02  -3.35716E-01
         378   7.56000E-01   1.38604E-03  -2.17661E-02  -3.35647E-01
         379   7.58000E-01   1.38617E-03  -2.17099E-02  -3.35627E-01
         380   7.60000E-01   1.38614E-03  -2.17344E-02  -3.35688E-01
         381   7.62000E-01   1.38622E-03  -2.16613E-02  -3.35667E-01
         382   7.64000E-01   1.38639E-03  -2.16727E-02  -3.35725E-01
         383   7.66000E-01   1.38606E-03  -2.16780E-02  -3.35762E-01
         384   7.68000E-01   1.38569E-03  -2.15584E-02  -3.35676E-01
         385   7.70000E-01   1.38565E-03  -2.14361E-02  -3.35643E-01
         386   7.72000E-01   1.38630E-03  -2.14770E-02  -3.35694E-01
         387   7.74000E-01   1.38640E-03  -2.15778E-02  -3.35835E-01
         388   7.76000E-01   1.38635E-03  -2.15163E-02  -3.35812E-01
         389   7.78000E-01   1.38647E-03  -2.15184E-02  -3.35830E-01
         390   7.80000E-01   1.38659E-03  -2.15109E-02  -3.35857E-01
         391   7.82000E-01   1.38664E-03  -2.15701E-02  -3.35892E-01
         392   7.84000E-01   1.38641E-03  -2.15750E-02  -3.35876E-01
         393   7.86000E-01   1.38637E-03  -2.14921E-02  -3.35816E-01
         394   7.88000E-01   1.38692E-03  -2.15168E-02  -3.35846E-01
         395   7.90000E-01   1.38781E-03  -2.16529E-02  -3.35971E-01
         396   7.92000E-01   1.38819E-03  -2.18396E-02  -3.36125E-01
         397   7.94000E-01   1.38853E-03  -2.19104E-02  -3.36127E-01
         398   7.96000E-01   1.38811E-03  -2.19694E-02  -3.36178E-01
         399   7.98000E-01   1.38792E-03  -2.18644E-02  -3.36042E-01
         400   8.00000E-01   1.38705E-03  -2.18754E-02  -3.36049E-01
         401   8.02000E-01   1.38639E-03  -2.16505E-02  -3.35824E-01
         402   8.04000E-01   1.38656E-03  -2.16024E-02  -3.35771E-01
         403   8.06000E-01   1.38673E-03  -2.17186E-02  -3.35838E-01
         404   8.08000E-01   1.38653E-03  -2.17151E-02  -3.35822E-01
         405   8.10000E-01   1.38651E-03  -2.16750E-02  -3.35775E-01
         406   8.12000E-01   1.38636E-03  -2.16775E-02  -3.35791E-01
         407   8.14000E-01   1.38722E-03  -2.17320E-02  -3.35752E-01
         408   8.16000E-01   1.38757E-03  -2.19376E-02  -3.35940E-01
         409   8.18000E-01   1.38768E-03  -2.19641E-02  -3.35924E-01
         410   8.20000E-01   1.38791E-03  -2.20066E-02  -3.35937E-01
         411   8.22000E-01   1.38749E-03  -2.20548E-02  -3.35975E-01
         412   8.24000E-01   1.38700E-03  -2.19209E-02  -3.35844E-01
         413   8.26000E-01   1.38681E-03  -2.18560E-02  -3.35790E-01
         414   8.28000E-01   1.38712E-03  -2.18683E-02  -3.35774E-01
         415   8.30000E-01   1.38673E-03  -2.19287E-02  -3.35847E-01
         416   8.32000E-01   1.38680E-03  -2.18355E-02  -3.35719E-01
         417   8.34000E-01   1.38655E-03  -2.18994E-02  -3.35782E-01
         418   8.36000E-01   1.38585E-03  -2.17582E-02  -3.35687E-01
         419   8.38000E-01   1.38551E-03  -2.16342E-02  -3.35584E-01
         420   8.40000E-01   1.38568E-03  -2.16044E-02  -3.35560E-01
         421   8.42000E-01   1.38646E-03  -2.16577E-02  -3.35617E-01
         422   8.44000E-01   1.38697E-03  -2.18091E-02  -3.35787E-01
         423   8.46000E-01   1.38741E-03  -2.18819E-02  -3.35838E-01
         424   8.48000E-01   1.38705E-03  -2.19693E-02  -3.35912E-01
         425   8.50000E-01   1.38708E-03  -2.18636E-02  -3.35779E-01
         426   8.52000E-01   1.38685E-03  -2.19168E-02  -3.35837E-01
         427   8.54000E-01   1.38647E-03  -2.18253E-02  -3.35755E-01
         428   8.56000E-01   1.38665E-03  -2.17673E-02  -3.35704E-01
         429   8.58000E-01   1.38712E-03  -2.18278E-02  -3.35779E-01
         430   8.60000E-01   1.38737E-03  -2.19095E-02  -3.35865E-01
         431   8.62000E-01   1.38755E-03  -2.18977E-02  -3.35887E-01
         432   8.64000E-01   1.38756E-03  -2.19190E-02  -3.35939E-01
         433   8.66000E-01   1.38747E-03  -2.19143E-02  -3.35930E-01
         434   8.68000E-01   1.38762E-03  -2.18609E-02  -3.35911E-01
         435   8.70000E-01   1.38726E-03  -2.19132E-02  -3.35975E-01
         436   8.72000E-01   1.38689E-03  -2.17519E-02  -3.35859E-01
         437   8.74000E-01   1.38699E-03  -2.17181E-02  -3.35848E-01
         438   8.76000E-01   1.38737E-03  -2.17190E-02  -3.35888E-01
         439   8.78000E-01   1.38748E-03  -2.18147E-02  -3.35982E-01
         440   8.80000E-01   1.38709E-03  -2.17592E-02  -3.35962E-01
         441   8.82000E-01   1.38714E-03  -2.16700E-02  -3.35892E-01
         442   8.84000E-01   1.38693E-03  -2.17313E-02  -3.35950E-01
         443   8.86000E-01   1.38647E-03  -2.16259E-02  -3.35868E-01
         444   8.88000E-01   1.38636E-03  -2.14955E-02  -3.35806E-01
         445   8.90000E-01   1.38659E-03  -2.15209E-02  -3.35843E-01
         446   8.92000E-01   1.38709E-03  -2.15407E-02  -3.35888E-01
         447   8.94000E-01   1.38674E-03  -2.16482E-02  -3.36003E-01
         448   8.96000E-01   1.38657E-03  -2.15190E-02  -3.35861E-01
         449   8.98000E-01   1.38660E-03  -2.15282E-02  -3.35883E-01
         450   9.00000E-01   1.38662E-03  -2.15266E-02  -3.35887E-01
         451   9.02000E-01   1.38726E-03  -2.15904E-02  -3.35891E-01
         452   9.04000E-01   1.38737E-03  -2.17378E-02  -3.36019E-01
         453   9.06000E-01   1.38806E-03  -2.17405E-02  -3.35974E-01
         454   9.08000E-01   1.38808E-03  -2.19740E-02  -3.36145E-01
         455   9.10000E-01   1.38710E-03  -2.19354E-02  -3.36033E-01
         456   9.12000E-01   1.38691E-03  -2.17760E-02  -3.35806E-01
         457   9.14000E-01   1.38649E-03  -2.18721E-02  -3.35839E-01
         458   9.16000E-01   1.38712E-03  -2.17741E-02  -3.35687E-01
         459   9.18000E-01   1.38797E-03  -2.20679E-02  -3.35894E-01
         460   9.20000E-01   1.38801E-03  -2.22126E-02  -3.35958E-01
         461   9.22000E-01   1.38747E-03  -2.21896E-02  -3.35896E-01
         462   9.24000E-01   1.38660E-03  -2.21010E-02  -3.35773E-01
         463   9.26000E-01   1.38625E-03  -2.19238E-02  -3.35598E-01
         464   9.28000E-01   1.38644E-03  -2.19065E-02  -3.35601E-01
         465   9.30000E-01   1.38690E-03  -2.19358E-02  -3.35657E-01
         466   9.32000E-01   1.38733E-03  -2.20320E-02  -3.35756E-01
         467   9.34000E-01   1.38736E-03  -2.20729E-02  -3.35817E-01
         468   9.36000E-01   1.38731E-03  -2.20559E-02  -3.35803E-01
         469   9.38000E-01   1.38700E-03  -2.20428E-02  -3.35799E-01
         470   9.40000E-01   1.38694E-03  -2.19912E-02  -3.35729E-01
         471   9.42000E-01   1.38688E-03  -2.20031E-02  -3.35740E-01
         472   9.44000E-01   1.38693E-03  -2.19916E-02  -3.35719E-01
         473   9.46000E-01   1.38656E-03  -2.20018E-02  -3.35736E-01
         474   9.48000E-01   1.38621E-03  -2.19044E-02  -3.35640E-01
         475   9.50000E-01   1.38611E-03  -2.17979E-02  -3.35599E-01
         476   9.52000E-01   1.38627E-03  -2.17922E-02  -3.35628E-01
         477   9.54000E-01   1.38617E-03  -2.17995E-02  -3.35672E-01
         478   9.56000E-01   1.38597E-03  -2.17086E-02  -3.35642E-01
         479   9.58000E-01   1.38594E-03  -2.16395E-02  -3.35639E-01
         480   9.60000E-01   1.38591E-03  -2.15807E-02  -3.35666E-01
         481   9.62000E-01   1.38606E-03  -2.15333E-02  -3.35687E-01
         482   9.64000E-01   1.38628E-03  -2.15164E-02  -3.35749E-01
         483   9.66000E-01   1.38655E-03  -2.15136E-02  -3.35813E-01
         484   9.68000E-01   1.38685E-03  -2.15443E-02  -3.35880E-01
         485   9.70000E-01   1.38732E-03  -2.15943E-02  -3.35939E-01
         486   9.72000E-01   1.38710E-03  -2.16620E-02  -3.36033E-01
         487   9.74000E-01   1.38729E-03  -2.15632E-02  -3.35945E-01
         488   9.76000E-01   1.38741E-03  -2.16401E-02  -3.36040E-01
         489   9.78000E-01   1.38770E-03  -2.16478E-02  -3.36033E-01
         490   9.80000E-01   1.38818E-03  -2.17418E-02  -3.36101E-01
         491   9.82000E-01   1.38791E-03  -2.18712E-02  -3.36173E-01
         492   9.84000E-01   1.38771E-03  -2.17825E-02  -3.36041E-01
         493   9.86000E-01   1.38770E-03  -2.18090E-02  -3.36037E-01
         494   9.88000E-01   1.38832E-03  -2.18511E-02  -3.36020E-01
         495   9.90000E-01   1.38807E-03  -2.20335E-02  -3.36156E-01
         496   9.92000E-01   1.38829E-03  -2.19651E-02  -3.36002E-01
         497   9.94000E-01   1.38847E-03  -2.21344E-02  -3.36089E-01
         498   9.96000E-01   1.38812E-03  -2.21712E-02  -3.36051E-01
         499   9.98000E-01   1.38760E-03  -2.21070E-02  -3.35945E-01
         500   1.00000E+00   1.38687E-03  -2.20350E-02  -3.35847E-01
