    Timestep          Time             Y          Rise        Inflow
      number                    centroid      velocity      velocity
           1   2.00000E-03   2.13473E-18   3.62925E-02  -8.00524E-16
           2   4.00000E-03   7.32512E-05   5.04056E-02  -1.81462E-02
           3   6.00000E-03   1.74622E-04   5.38267E-02  -4.35156E-02
           4   8.00000E-03   2.82420E-04   5.24627E-02  -7.05688E-02
           5   1.00000E-02   3.86940E-04   4.90336E-02  -9.68363E-02
           6   1.20000E-02   4.84135E-04   4.47838E-02  -1.21252E-01
           7   1.40000E-02   5.72520E-04   4.04498E-02  -1.43426E-01
           8   1.60000E-02   6.51919E-04   3.60337E-02  -1.63355E-01
           9   1.80000E-02   7.22391E-04   3.18680E-02  -1.80997E-01
          10   2.00000E-02   7.84344E-04   2.79711E-02  -1.96532E-01
          11   2.20000E-02   8.38540E-04   2.43006E-02  -2.10072E-01
          12   2.40000E-02   8.85411E-04   2.06134E-02  -2.21785E-01
          13   2.60000E-02   9.24854E-04   1.72953E-02  -2.31659E-01
          14   2.80000E-02   9.57648E-04   1.44153E-02  -2.39861E-01
          15   3.00000E-02   9.84837E-04   1.19859E-02  -2.46620E-01
          16   3.20000E-02   1.00731E-03   9.86141E-03  -2.52202E-01
          17   3.40000E-02   1.02556E-03   7.94354E-03  -2.56757E-01
          18   3.60000E-02   1.03999E-03   6.23382E-03  -2.60361E-01
          19   3.80000E-02   1.05069E-03   4.68881E-03  -2.63115E-01
          20   4.00000E-02   1.05784E-03   3.61165E-03  -2.65017E-01
          21   4.20000E-02   1.06252E-03   2.73351E-03  -2.66265E-01
          22   4.40000E-02   1.06543E-03   2.22169E-03  -2.66996E-01
          23   4.60000E-02   1.06782E-03   1.96678E-03  -2.67468E-01
          24   4.80000E-02   1.07021E-03   1.77627E-03  -2.67939E-01
          25   5.00000E-02   1.07244E-03   1.48677E-03  -2.68441E-01
          26   5.20000E-02   1.07453E-03   1.17956E-03  -2.68852E-01
          27   5.40000E-02   1.07616E-03   8.80034E-04  -2.69222E-01
          28   5.60000E-02   1.07669E-03   6.58875E-04  -2.69481E-01
          29   5.80000E-02   1.07481E-03   3.17038E-04  -2.69501E-01
          30   6.00000E-02   1.07237E-03   6.06584E-04  -2.68861E-01
          31   6.20000E-02   1.07113E-03   7.98521E-04  -2.68396E-01
          32   6.40000E-02   1.07081E-03   7.93254E-04  -2.68182E-01
          33   6.60000E-02   1.07094E-03   6.96093E-04  -2.68100E-01
          34   6.80000E-02   1.07129E-03   5.21948E-04  -2.68083E-01
          35   7.00000E-02   1.07166E-03   3.26215E-04  -2.68083E-01
          36   7.20000E-02   1.07198E-03   2.12822E-04  -2.68077E-01
          37   7.40000E-02   1.07261E-03  -6.50421E-05  -2.68101E-01
          38   7.60000E-02   1.07291E-03  -2.76458E-04  -2.68121E-01
          39   7.80000E-02   1.07235E-03  -3.53162E-04  -2.68089E-01
          40   8.00000E-02   1.07126E-03  -2.40285E-04  -2.67910E-01
          41   8.20000E-02   1.07025E-03  -1.12682E-04  -2.67694E-01
          42   8.40000E-02   1.06952E-03   2.20041E-05  -2.67506E-01
          43   8.60000E-02   1.06904E-03   2.03815E-04  -2.67391E-01
          44   8.80000E-02   1.06884E-03   3.48971E-04  -2.67362E-01
          45   9.00000E-02   1.06890E-03   4.01558E-04  -2.67384E-01
          46   9.20000E-02   1.06921E-03   3.73211E-04  -2.67425E-01
          47   9.40000E-02   1.06966E-03   2.16727E-04  -2.67489E-01
          48   9.60000E-02   1.06998E-03  -6.14381E-05  -2.67523E-01
          49   9.80000E-02   1.06996E-03  -2.00743E-04  -2.67465E-01
          50   1.00000E-01   1.06969E-03  -2.47997E-04  -2.67389E-01
          51   1.02000E-01   1.06931E-03  -2.52624E-04  -2.67297E-01
          52   1.04000E-01   1.06879E-03  -1.91998E-04  -2.67201E-01
          53   1.06000E-01   1.06825E-03  -3.70880E-05  -2.67102E-01
          54   1.08000E-01   1.06792E-03   1.75132E-04  -2.67043E-01
          55   1.10000E-01   1.06786E-03   2.43974E-04  -2.67068E-01
          56   1.12000E-01   1.06779E-03   3.01909E-04  -2.67086E-01
          57   1.14000E-01   1.06770E-03   4.04079E-04  -2.67100E-01
          58   1.16000E-01   1.06784E-03   4.21231E-04  -2.67126E-01
          59   1.18000E-01   1.06809E-03   2.49405E-04  -2.67170E-01
          60   1.20000E-01   1.06805E-03   2.06425E-04  -2.67146E-01
          61   1.22000E-01   1.06803E-03   1.21430E-04  -2.67116E-01
          62   1.24000E-01   1.06792E-03   8.55402E-05  -2.67067E-01
          63   1.26000E-01   1.06772E-03  -7.13926E-06  -2.67022E-01
          64   1.28000E-01   1.06741E-03   7.59170E-05  -2.66925E-01
          65   1.30000E-01   1.06736E-03   8.07073E-05  -2.66891E-01
          66   1.32000E-01   1.06741E-03   7.27354E-06  -2.66881E-01
          67   1.34000E-01   1.06746E-03   2.05692E-05  -2.66857E-01
          68   1.36000E-01   1.06765E-03   2.01711E-05  -2.66875E-01
          69   1.38000E-01   1.06788E-03  -7.54752E-06  -2.66922E-01
          70   1.40000E-01   1.06809E-03  -1.06721E-04  -2.66965E-01
          71   1.42000E-01   1.06819E-03  -8.82074E-05  -2.66969E-01
          72   1.44000E-01   1.06836E-03   4.91671E-05  -2.67002E-01
          73   1.46000E-01   1.06893E-03   6.26708E-05  -2.67115E-01
          74   1.48000E-01   1.06963E-03   6.07940E-05  -2.67263E-01
          75   1.50000E-01   1.07043E-03   2.08390E-05  -2.67438E-01
          76   1.52000E-01   1.07117E-03  -1.01699E-04  -2.67619E-01
          77   1.54000E-01   1.07173E-03  -2.00447E-04  -2.67742E-01
          78   1.56000E-01   1.07211E-03  -2.49386E-04  -2.67833E-01
          79   1.58000E-01   1.07245E-03  -3.28388E-04  -2.67904E-01
          80   1.60000E-01   1.07262E-03  -3.58400E-04  -2.67949E-01
          81   1.62000E-01   1.07269E-03  -3.23080E-04  -2.67975E-01
          82   1.64000E-01   1.07289E-03  -3.27824E-04  -2.68010E-01
          83   1.66000E-01   1.07314E-03  -3.39953E-04  -2.68060E-01
          84   1.68000E-01   1.07342E-03  -3.89444E-04  -2.68116E-01
          85   1.70000E-01   1.07369E-03  -4.57988E-04  -2.68160E-01
          86   1.72000E-01   1.07390E-03  -5.01447E-04  -2.68194E-01
          87   1.74000E-01   1.07402E-03  -5.79067E-04  -2.68225E-01
          88   1.76000E-01   1.07401E-03  -6.45991E-04  -2.68216E-01
          89   1.78000E-01   1.07394E-03  -6.67471E-04  -2.68180E-01
          90   1.80000E-01   1.07387E-03  -6.85861E-04  -2.68152E-01
          91   1.82000E-01   1.07382E-03  -6.66420E-04  -2.68124E-01
          92   1.84000E-01   1.07385E-03  -6.32418E-04  -2.68121E-01
          93   1.86000E-01   1.07401E-03  -6.65816E-04  -2.68146E-01
          94   1.88000E-01   1.07416E-03  -7.28850E-04  -2.68170E-01
          95   1.90000E-01   1.07421E-03  -7.41345E-04  -2.68175E-01
          96   1.92000E-01   1.07424E-03  -7.16199E-04  -2.68182E-01
          97   1.94000E-01   1.07431E-03  -6.70923E-04  -2.68202E-01
          98   1.96000E-01   1.07450E-03  -6.84281E-04  -2.68242E-01
          99   1.98000E-01   1.07471E-03  -6.84573E-04  -2.68282E-01
         100   2.00000E-01   1.07497E-03  -7.05535E-04  -2.68335E-01
         101   2.02000E-01   1.07527E-03  -7.50549E-04  -2.68389E-01
         102   2.04000E-01   1.07553E-03  -7.89504E-04  -2.68441E-01
         103   2.06000E-01   1.07567E-03  -8.08107E-04  -2.68487E-01
         104   2.08000E-01   1.07582E-03  -7.77743E-04  -2.68515E-01
         105   2.10000E-01   1.07601E-03  -7.52430E-04  -2.68567E-01
         106   2.12000E-01   1.07625E-03  -7.31952E-04  -2.68628E-01
         107   2.14000E-01   1.07653E-03  -7.28037E-04  -2.68696E-01
         108   2.16000E-01   1.07685E-03  -7.04947E-04  -2.68769E-01
         109   2.18000E-01   1.07719E-03  -7.00902E-04  -2.68860E-01
         110   2.20000E-01   1.07752E-03  -6.79248E-04  -2.68948E-01
         111   2.22000E-01   1.07784E-03  -6.43966E-04  -2.69040E-01
         112   2.24000E-01   1.07821E-03  -6.05979E-04  -2.69137E-01
         113   2.26000E-01   1.07863E-03  -5.79603E-04  -2.69249E-01
         114   2.28000E-01   1.07914E-03  -5.96203E-04  -2.69368E-01
         115   2.30000E-01   1.07966E-03  -5.76857E-04  -2.69486E-01
         116   2.32000E-01   1.08027E-03  -6.16581E-04  -2.69627E-01
         117   2.34000E-01   1.08088E-03  -5.97055E-04  -2.69760E-01
         118   2.36000E-01   1.08149E-03  -6.01589E-04  -2.69921E-01
         119   2.38000E-01   1.08211E-03  -6.29406E-04  -2.70072E-01
         120   2.40000E-01   1.08274E-03  -6.69157E-04  -2.70212E-01
         121   2.42000E-01   1.08338E-03  -7.19443E-04  -2.70351E-01
         122   2.44000E-01   1.08399E-03  -8.01608E-04  -2.70484E-01
         123   2.46000E-01   1.08450E-03  -9.01585E-04  -2.70597E-01
         124   2.48000E-01   1.08487E-03  -9.91584E-04  -2.70674E-01
         125   2.50000E-01   1.08511E-03  -1.02944E-03  -2.70721E-01
         126   2.52000E-01   1.08530E-03  -1.06424E-03  -2.70762E-01
         127   2.54000E-01   1.08544E-03  -1.06983E-03  -2.70793E-01
         128   2.56000E-01   1.08557E-03  -1.08216E-03  -2.70825E-01
         129   2.58000E-01   1.08567E-03  -1.12281E-03  -2.70852E-01
         130   2.60000E-01   1.08571E-03  -1.10322E-03  -2.70856E-01
         131   2.62000E-01   1.08582E-03  -1.09229E-03  -2.70875E-01
         132   2.64000E-01   1.08595E-03  -1.11654E-03  -2.70908E-01
         133   2.66000E-01   1.08604E-03  -1.13803E-03  -2.70928E-01
         134   2.68000E-01   1.08609E-03  -1.13607E-03  -2.70941E-01
         135   2.70000E-01   1.08616E-03  -1.14472E-03  -2.70955E-01
         136   2.72000E-01   1.08621E-03  -1.14349E-03  -2.70969E-01
         137   2.74000E-01   1.08630E-03  -1.17978E-03  -2.70981E-01
         138   2.76000E-01   1.08630E-03  -1.16079E-03  -2.70984E-01
         139   2.78000E-01   1.08637E-03  -1.14214E-03  -2.70995E-01
         140   2.80000E-01   1.08649E-03  -1.14423E-03  -2.71022E-01
         141   2.82000E-01   1.08666E-03  -1.11227E-03  -2.71051E-01
         142   2.84000E-01   1.08687E-03  -1.11101E-03  -2.71109E-01
         143   2.86000E-01   1.08713E-03  -1.07940E-03  -2.71162E-01
         144   2.88000E-01   1.08744E-03  -1.06742E-03  -2.71242E-01
         145   2.90000E-01   1.08779E-03  -1.09785E-03  -2.71325E-01
         146   2.92000E-01   1.08811E-03  -1.10251E-03  -2.71398E-01
         147   2.94000E-01   1.08846E-03  -1.13170E-03  -2.71476E-01
         148   2.96000E-01   1.08876E-03  -1.14254E-03  -2.71549E-01
         149   2.98000E-01   1.08904E-03  -1.15974E-03  -2.71620E-01
         150   3.00000E-01   1.08928E-03  -1.15211E-03  -2.71680E-01
         151   3.02000E-01   1.08957E-03  -1.12588E-03  -2.71744E-01
         152   3.04000E-01   1.08994E-03  -1.12375E-03  -2.71830E-01
         153   3.06000E-01   1.09032E-03  -1.09720E-03  -2.71922E-01
         154   3.08000E-01   1.09074E-03  -1.13191E-03  -2.72030E-01
         155   3.10000E-01   1.09112E-03  -1.13836E-03  -2.72119E-01
         156   3.12000E-01   1.09149E-03  -1.17149E-03  -2.72212E-01
         157   3.14000E-01   1.09183E-03  -1.20352E-03  -2.72286E-01
         158   3.16000E-01   1.09213E-03  -1.22833E-03  -2.72355E-01
         159   3.18000E-01   1.09237E-03  -1.25655E-03  -2.72417E-01
         160   3.20000E-01   1.09259E-03  -1.24545E-03  -2.72465E-01
         161   3.22000E-01   1.09282E-03  -1.23683E-03  -2.72525E-01
         162   3.24000E-01   1.09308E-03  -1.24912E-03  -2.72588E-01
         163   3.26000E-01   1.09332E-03  -1.27827E-03  -2.72645E-01
         164   3.28000E-01   1.09354E-03  -1.31932E-03  -2.72692E-01
         165   3.30000E-01   1.09366E-03  -1.33030E-03  -2.72725E-01
         166   3.32000E-01   1.09372E-03  -1.30431E-03  -2.72749E-01
         167   3.34000E-01   1.09386E-03  -1.32679E-03  -2.72778E-01
         168   3.36000E-01   1.09396E-03  -1.29783E-03  -2.72802E-01
         169   3.38000E-01   1.09412E-03  -1.29153E-03  -2.72840E-01
         170   3.40000E-01   1.09432E-03  -1.28870E-03  -2.72883E-01
         171   3.42000E-01   1.09457E-03  -1.28979E-03  -2.72935E-01
         172   3.44000E-01   1.09479E-03  -1.30473E-03  -2.72998E-01
         173   3.46000E-01   1.09499E-03  -1.31070E-03  -2.73046E-01
         174   3.48000E-01   1.09517E-03  -1.33144E-03  -2.73091E-01
         175   3.50000E-01   1.09534E-03  -1.35309E-03  -2.73127E-01
         176   3.52000E-01   1.09543E-03  -1.37193E-03  -2.73158E-01
         177   3.54000E-01   1.09551E-03  -1.38873E-03  -2.73171E-01
         178   3.56000E-01   1.09552E-03  -1.38294E-03  -2.73183E-01
         179   3.58000E-01   1.09554E-03  -1.40095E-03  -2.73189E-01
         180   3.60000E-01   1.09553E-03  -1.40683E-03  -2.73184E-01
         181   3.62000E-01   1.09552E-03  -1.37254E-03  -2.73179E-01
         182   3.64000E-01   1.09574E-03  -1.40383E-03  -2.73193E-01
         183   3.66000E-01   1.09587E-03  -1.51030E-03  -2.73233E-01
         184   3.68000E-01   1.09574E-03  -1.44756E-03  -2.73213E-01
         185   3.70000E-01   1.09578E-03  -1.41042E-03  -2.73212E-01
         186   3.72000E-01   1.09592E-03  -1.40153E-03  -2.73239E-01
         187   3.74000E-01   1.09608E-03  -1.38477E-03  -2.73280E-01
         188   3.76000E-01   1.09630E-03  -1.40096E-03  -2.73326E-01
         189   3.78000E-01   1.09646E-03  -1.35287E-03  -2.73374E-01
         190   3.80000E-01   1.09672E-03  -1.32971E-03  -2.73440E-01
         191   3.82000E-01   1.09703E-03  -1.33972E-03  -2.73515E-01
         192   3.84000E-01   1.09731E-03  -1.35140E-03  -2.73587E-01
         193   3.86000E-01   1.09760E-03  -1.37062E-03  -2.73653E-01
         194   3.88000E-01   1.09785E-03  -1.38333E-03  -2.73716E-01
         195   3.90000E-01   1.09810E-03  -1.39817E-03  -2.73772E-01
         196   3.92000E-01   1.09835E-03  -1.42625E-03  -2.73825E-01
         197   3.94000E-01   1.09854E-03  -1.43224E-03  -2.73874E-01
         198   3.96000E-01   1.09876E-03  -1.41134E-03  -2.73920E-01
         199   3.98000E-01   1.09904E-03  -1.41217E-03  -2.73983E-01
         200   4.00000E-01   1.09931E-03  -1.40577E-03  -2.74054E-01
         201   4.02000E-01   1.09957E-03  -1.39957E-03  -2.74124E-01
         202   4.04000E-01   1.09988E-03  -1.39042E-03  -2.74193E-01
         203   4.06000E-01   1.10022E-03  -1.40434E-03  -2.74274E-01
         204   4.08000E-01   1.10053E-03  -1.43645E-03  -2.74352E-01
         205   4.10000E-01   1.10079E-03  -1.47861E-03  -2.74413E-01
         206   4.12000E-01   1.10100E-03  -1.44899E-03  -2.74458E-01
         207   4.14000E-01   1.10125E-03  -1.45964E-03  -2.74526E-01
         208   4.16000E-01   1.10146E-03  -1.47576E-03  -2.74583E-01
         209   4.18000E-01   1.10166E-03  -1.47961E-03  -2.74627E-01
         210   4.20000E-01   1.10186E-03  -1.49793E-03  -2.74675E-01
         211   4.22000E-01   1.10202E-03  -1.50501E-03  -2.74716E-01
         212   4.24000E-01   1.10218E-03  -1.55720E-03  -2.74753E-01
         213   4.26000E-01   1.10228E-03  -1.58514E-03  -2.74765E-01
         214   4.28000E-01   1.10227E-03  -1.60637E-03  -2.74777E-01
         215   4.30000E-01   1.10224E-03  -1.59904E-03  -2.74763E-01
         216   4.32000E-01   1.10224E-03  -1.59651E-03  -2.74760E-01
         217   4.34000E-01   1.10222E-03  -1.62897E-03  -2.74761E-01
         218   4.36000E-01   1.10216E-03  -1.63044E-03  -2.74739E-01
         219   4.38000E-01   1.10208E-03  -1.64691E-03  -2.74725E-01
         220   4.40000E-01   1.10202E-03  -1.64721E-03  -2.74696E-01
         221   4.42000E-01   1.10194E-03  -1.61558E-03  -2.74681E-01
         222   4.44000E-01   1.10189E-03  -1.57973E-03  -2.74678E-01
         223   4.46000E-01   1.10192E-03  -1.55478E-03  -2.74682E-01
         224   4.48000E-01   1.10205E-03  -1.55035E-03  -2.74702E-01
         225   4.50000E-01   1.10220E-03  -1.56301E-03  -2.74736E-01
         226   4.52000E-01   1.10230E-03  -1.62839E-03  -2.74768E-01
         227   4.54000E-01   1.10230E-03  -1.66845E-03  -2.74761E-01
         228   4.56000E-01   1.10222E-03  -1.65172E-03  -2.74741E-01
         229   4.58000E-01   1.10210E-03  -1.62442E-03  -2.74729E-01
         230   4.60000E-01   1.10206E-03  -1.60358E-03  -2.74714E-01
         231   4.62000E-01   1.10202E-03  -1.58568E-03  -2.74712E-01
         232   4.64000E-01   1.10203E-03  -1.60541E-03  -2.74713E-01
         233   4.66000E-01   1.10202E-03  -1.61588E-03  -2.74705E-01
         234   4.68000E-01   1.10201E-03  -1.65559E-03  -2.74698E-01
         235   4.70000E-01   1.10194E-03  -1.66695E-03  -2.74674E-01
         236   4.72000E-01   1.10182E-03  -1.67080E-03  -2.74651E-01
         237   4.74000E-01   1.10167E-03  -1.62294E-03  -2.74619E-01
         238   4.76000E-01   1.10165E-03  -1.57044E-03  -2.74607E-01
         239   4.78000E-01   1.10174E-03  -1.53938E-03  -2.74628E-01
         240   4.80000E-01   1.10195E-03  -1.57144E-03  -2.74666E-01
         241   4.82000E-01   1.10206E-03  -1.58470E-03  -2.74701E-01
         242   4.84000E-01   1.10216E-03  -1.64175E-03  -2.74723E-01
         243   4.86000E-01   1.10216E-03  -1.67526E-03  -2.74719E-01
         244   4.88000E-01   1.10203E-03  -1.64365E-03  -2.74701E-01
         245   4.90000E-01   1.10197E-03  -1.60715E-03  -2.74686E-01
         246   4.92000E-01   1.10194E-03  -1.59183E-03  -2.74689E-01
         247   4.94000E-01   1.10194E-03  -1.57788E-03  -2.74688E-01
         248   4.96000E-01   1.10202E-03  -1.61059E-03  -2.74697E-01
         249   4.98000E-01   1.10202E-03  -1.61359E-03  -2.74699E-01
         250   5.00000E-01   1.10204E-03  -1.63309E-03  -2.74698E-01
         251   5.02000E-01   1.10200E-03  -1.61854E-03  -2.74693E-01
         252   5.04000E-01   1.10202E-03  -1.62616E-03  -2.74691E-01
         253   5.06000E-01   1.10205E-03  -1.64026E-03  -2.74691E-01
         254   5.08000E-01   1.10203E-03  -1.65977E-03  -2.74692E-01
         255   5.10000E-01   1.10203E-03  -1.66214E-03  -2.74677E-01
         256   5.12000E-01   1.10199E-03  -1.65461E-03  -2.74676E-01
         257   5.14000E-01   1.10198E-03  -1.64686E-03  -2.74669E-01
         258   5.16000E-01   1.10197E-03  -1.63635E-03  -2.74671E-01
         259   5.18000E-01   1.10197E-03  -1.61683E-03  -2.74674E-01
         260   5.20000E-01   1.10205E-03  -1.60300E-03  -2.74684E-01
         261   5.22000E-01   1.10213E-03  -1.66080E-03  -2.74712E-01
         262   5.24000E-01   1.10212E-03  -1.62534E-03  -2.74703E-01
         263   5.26000E-01   1.10212E-03  -1.63495E-03  -2.74718E-01
         264   5.28000E-01   1.10212E-03  -1.63379E-03  -2.74712E-01
         265   5.30000E-01   1.10215E-03  -1.63198E-03  -2.74713E-01
         266   5.32000E-01   1.10214E-03  -1.63999E-03  -2.74722E-01
         267   5.34000E-01   1.10214E-03  -1.62938E-03  -2.74715E-01
         268   5.36000E-01   1.10218E-03  -1.61928E-03  -2.74719E-01
         269   5.38000E-01   1.10226E-03  -1.61528E-03  -2.74735E-01
         270   5.40000E-01   1.10234E-03  -1.60469E-03  -2.74756E-01
         271   5.42000E-01   1.10243E-03  -1.60682E-03  -2.74782E-01
         272   5.44000E-01   1.10254E-03  -1.61093E-03  -2.74804E-01
         273   5.46000E-01   1.10262E-03  -1.63170E-03  -2.74831E-01
         274   5.48000E-01   1.10270E-03  -1.65895E-03  -2.74840E-01
         275   5.50000E-01   1.10274E-03  -1.67161E-03  -2.74847E-01
         276   5.52000E-01   1.10272E-03  -1.64401E-03  -2.74849E-01
         277   5.54000E-01   1.10276E-03  -1.62768E-03  -2.74859E-01
         278   5.56000E-01   1.10280E-03  -1.62897E-03  -2.74876E-01
         279   5.58000E-01   1.10285E-03  -1.60324E-03  -2.74886E-01
         280   5.60000E-01   1.10297E-03  -1.61693E-03  -2.74911E-01
         281   5.62000E-01   1.10307E-03  -1.65313E-03  -2.74935E-01
         282   5.64000E-01   1.10315E-03  -1.69619E-03  -2.74941E-01
         283   5.66000E-01   1.10314E-03  -1.73414E-03  -2.74941E-01
         284   5.68000E-01   1.10300E-03  -1.74397E-03  -2.74918E-01
         285   5.70000E-01   1.10283E-03  -1.71614E-03  -2.74879E-01
         286   5.72000E-01   1.10276E-03  -1.70143E-03  -2.74850E-01
         287   5.74000E-01   1.10272E-03  -1.72468E-03  -2.74839E-01
         288   5.76000E-01   1.10262E-03  -1.70862E-03  -2.74817E-01
         289   5.78000E-01   1.10254E-03  -1.71280E-03  -2.74801E-01
         290   5.80000E-01   1.10249E-03  -1.71535E-03  -2.74780E-01
         291   5.82000E-01   1.10241E-03  -1.70214E-03  -2.74765E-01
         292   5.84000E-01   1.10232E-03  -1.68048E-03  -2.74751E-01
         293   5.86000E-01   1.10231E-03  -1.65502E-03  -2.74740E-01
         294   5.88000E-01   1.10230E-03  -1.65452E-03  -2.74750E-01
         295   5.90000E-01   1.10234E-03  -1.66292E-03  -2.74749E-01
         296   5.92000E-01   1.10235E-03  -1.68197E-03  -2.74754E-01
         297   5.94000E-01   1.10233E-03  -1.67266E-03  -2.74745E-01
         298   5.96000E-01   1.10233E-03  -1.66567E-03  -2.74746E-01
         299   5.98000E-01   1.10234E-03  -1.64861E-03  -2.74749E-01
         300   6.00000E-01   1.10239E-03  -1.64351E-03  -2.74761E-01
         301   6.02000E-01   1.10246E-03  -1.65180E-03  -2.74775E-01
         302   6.04000E-01   1.10250E-03  -1.67730E-03  -2.74789E-01
         303   6.06000E-01   1.10251E-03  -1.66341E-03  -2.74787E-01
         304   6.08000E-01   1.10256E-03  -1.66670E-03  -2.74797E-01
         305   6.10000E-01   1.10257E-03  -1.66147E-03  -2.74806E-01
         306   6.12000E-01   1.10264E-03  -1.65670E-03  -2.74812E-01
         307   6.14000E-01   1.10271E-03  -1.67893E-03  -2.74832E-01
         308   6.16000E-01   1.10279E-03  -1.70546E-03  -2.74839E-01
         309   6.18000E-01   1.10278E-03  -1.70490E-03  -2.74845E-01
         310   6.20000E-01   1.10276E-03  -1.68463E-03  -2.74843E-01
         311   6.22000E-01   1.10276E-03  -1.66980E-03  -2.74847E-01
         312   6.24000E-01   1.10280E-03  -1.66831E-03  -2.74856E-01
         313   6.26000E-01   1.10286E-03  -1.69230E-03  -2.74866E-01
         314   6.28000E-01   1.10289E-03  -1.71258E-03  -2.74870E-01
         315   6.30000E-01   1.10281E-03  -1.70397E-03  -2.74866E-01
         316   6.32000E-01   1.10275E-03  -1.69125E-03  -2.74851E-01
         317   6.34000E-01   1.10269E-03  -1.70706E-03  -2.74842E-01
         318   6.36000E-01   1.10265E-03  -1.70988E-03  -2.74820E-01
         319   6.38000E-01   1.10258E-03  -1.71187E-03  -2.74807E-01
         320   6.40000E-01   1.10252E-03  -1.71002E-03  -2.74790E-01
         321   6.42000E-01   1.10248E-03  -1.69247E-03  -2.74774E-01
         322   6.44000E-01   1.10245E-03  -1.69360E-03  -2.74774E-01
         323   6.46000E-01   1.10244E-03  -1.67844E-03  -2.74766E-01
         324   6.48000E-01   1.10246E-03  -1.70596E-03  -2.74770E-01
         325   6.50000E-01   1.10239E-03  -1.71496E-03  -2.74762E-01
         326   6.52000E-01   1.10233E-03  -1.72712E-03  -2.74741E-01
         327   6.54000E-01   1.10226E-03  -1.72412E-03  -2.74719E-01
         328   6.56000E-01   1.10218E-03  -1.70964E-03  -2.74703E-01
         329   6.58000E-01   1.10212E-03  -1.69522E-03  -2.74689E-01
         330   6.60000E-01   1.10210E-03  -1.67816E-03  -2.74682E-01
         331   6.62000E-01   1.10209E-03  -1.67978E-03  -2.74686E-01
         332   6.64000E-01   1.10211E-03  -1.66543E-03  -2.74683E-01
         333   6.66000E-01   1.10215E-03  -1.66378E-03  -2.74695E-01
         334   6.68000E-01   1.10216E-03  -1.68302E-03  -2.74705E-01
         335   6.70000E-01   1.10216E-03  -1.68954E-03  -2.74700E-01
         336   6.72000E-01   1.10218E-03  -1.69860E-03  -2.74696E-01
         337   6.74000E-01   1.10216E-03  -1.71361E-03  -2.74695E-01
         338   6.76000E-01   1.10216E-03  -1.71480E-03  -2.74683E-01
         339   6.78000E-01   1.10214E-03  -1.72903E-03  -2.74681E-01
         340   6.80000E-01   1.10208E-03  -1.72073E-03  -2.74671E-01
         341   6.82000E-01   1.10205E-03  -1.70207E-03  -2.74659E-01
         342   6.84000E-01   1.10207E-03  -1.69860E-03  -2.74662E-01
         343   6.86000E-01   1.10207E-03  -1.70803E-03  -2.74667E-01
         344   6.88000E-01   1.10207E-03  -1.73624E-03  -2.74662E-01
         345   6.90000E-01   1.10199E-03  -1.71575E-03  -2.74649E-01
         346   6.92000E-01   1.10192E-03  -1.70134E-03  -2.74640E-01
         347   6.94000E-01   1.10192E-03  -1.69794E-03  -2.74629E-01
         348   6.96000E-01   1.10191E-03  -1.70086E-03  -2.74631E-01
         349   6.98000E-01   1.10187E-03  -1.68821E-03  -2.74628E-01
         350   7.00000E-01   1.10188E-03  -1.68400E-03  -2.74623E-01
         351   7.02000E-01   1.10193E-03  -1.67842E-03  -2.74628E-01
         352   7.04000E-01   1.10195E-03  -1.69318E-03  -2.74643E-01
         353   7.06000E-01   1.10198E-03  -1.68657E-03  -2.74641E-01
         354   7.08000E-01   1.10202E-03  -1.69530E-03  -2.74652E-01
         355   7.10000E-01   1.10201E-03  -1.69492E-03  -2.74657E-01
         356   7.12000E-01   1.10200E-03  -1.67389E-03  -2.74656E-01
         357   7.14000E-01   1.10203E-03  -1.64953E-03  -2.74664E-01
         358   7.16000E-01   1.10208E-03  -1.67537E-03  -2.74682E-01
         359   7.18000E-01   1.10216E-03  -1.66019E-03  -2.74683E-01
         360   7.20000E-01   1.10226E-03  -1.69150E-03  -2.74709E-01
         361   7.22000E-01   1.10227E-03  -1.70961E-03  -2.74719E-01
         362   7.24000E-01   1.10225E-03  -1.68995E-03  -2.74712E-01
         363   7.26000E-01   1.10227E-03  -1.67472E-03  -2.74718E-01
         364   7.28000E-01   1.10229E-03  -1.70353E-03  -2.74731E-01
         365   7.30000E-01   1.10231E-03  -1.70062E-03  -2.74722E-01
         366   7.32000E-01   1.10232E-03  -1.68962E-03  -2.74728E-01
         367   7.34000E-01   1.10233E-03  -1.67880E-03  -2.74736E-01
         368   7.36000E-01   1.10237E-03  -1.67659E-03  -2.74743E-01
         369   7.38000E-01   1.10243E-03  -1.66689E-03  -2.74755E-01
         370   7.40000E-01   1.10246E-03  -1.66062E-03  -2.74773E-01
         371   7.42000E-01   1.10255E-03  -1.65595E-03  -2.74786E-01
         372   7.44000E-01   1.10262E-03  -1.69825E-03  -2.74809E-01
         373   7.46000E-01   1.10261E-03  -1.70165E-03  -2.74806E-01
         374   7.48000E-01   1.10263E-03  -1.70940E-03  -2.74802E-01
         375   7.50000E-01   1.10262E-03  -1.71181E-03  -2.74802E-01
         376   7.52000E-01   1.10261E-03  -1.70925E-03  -2.74799E-01
         377   7.54000E-01   1.10260E-03  -1.69036E-03  -2.74798E-01
         378   7.56000E-01   1.10259E-03  -1.66586E-03  -2.74805E-01
         379   7.58000E-01   1.10267E-03  -1.65580E-03  -2.74814E-01
         380   7.60000E-01   1.10278E-03  -1.68327E-03  -2.74840E-01
         381   7.62000E-01   1.10290E-03  -1.69820E-03  -2.74853E-01
         382   7.64000E-01   1.10298E-03  -1.72413E-03  -2.74875E-01
         383   7.66000E-01   1.10295E-03  -1.72986E-03  -2.74882E-01
         384   7.68000E-01   1.10294E-03  -1.70946E-03  -2.74873E-01
         385   7.70000E-01   1.10294E-03  -1.69473E-03  -2.74880E-01
         386   7.72000E-01   1.10296E-03  -1.71990E-03  -2.74888E-01
         387   7.74000E-01   1.10296E-03  -1.70881E-03  -2.74881E-01
         388   7.76000E-01   1.10296E-03  -1.73471E-03  -2.74884E-01
         389   7.78000E-01   1.10296E-03  -1.74772E-03  -2.74872E-01
         390   7.80000E-01   1.10289E-03  -1.75060E-03  -2.74865E-01
         391   7.82000E-01   1.10284E-03  -1.74174E-03  -2.74848E-01
         392   7.84000E-01   1.10282E-03  -1.73843E-03  -2.74840E-01
         393   7.86000E-01   1.10275E-03  -1.72169E-03  -2.74835E-01
         394   7.88000E-01   1.10273E-03  -1.68846E-03  -2.74827E-01
         395   7.90000E-01   1.10276E-03  -1.67926E-03  -2.74839E-01
         396   7.92000E-01   1.10282E-03  -1.68687E-03  -2.74849E-01
         397   7.94000E-01   1.10288E-03  -1.71097E-03  -2.74862E-01
         398   7.96000E-01   1.10289E-03  -1.73787E-03  -2.74865E-01
         399   7.98000E-01   1.10288E-03  -1.73035E-03  -2.74853E-01
         400   8.00000E-01   1.10286E-03  -1.73713E-03  -2.74856E-01
         401   8.02000E-01   1.10284E-03  -1.72774E-03  -2.74846E-01
         402   8.04000E-01   1.10283E-03  -1.70460E-03  -2.74846E-01
         403   8.06000E-01   1.10283E-03  -1.69116E-03  -2.74856E-01
         404   8.08000E-01   1.10288E-03  -1.70209E-03  -2.74861E-01
         405   8.10000E-01   1.10288E-03  -1.72034E-03  -2.74868E-01
         406   8.12000E-01   1.10287E-03  -1.72558E-03  -2.74859E-01
         407   8.14000E-01   1.10286E-03  -1.71737E-03  -2.74854E-01
         408   8.16000E-01   1.10283E-03  -1.70691E-03  -2.74856E-01
         409   8.18000E-01   1.10285E-03  -1.70016E-03  -2.74853E-01
         410   8.20000E-01   1.10286E-03  -1.70826E-03  -2.74864E-01
         411   8.22000E-01   1.10288E-03  -1.67970E-03  -2.74860E-01
         412   8.24000E-01   1.10293E-03  -1.67179E-03  -2.74879E-01
         413   8.26000E-01   1.10299E-03  -1.68093E-03  -2.74897E-01
         414   8.28000E-01   1.10305E-03  -1.70247E-03  -2.74906E-01
         415   8.30000E-01   1.10304E-03  -1.71120E-03  -2.74910E-01
         416   8.32000E-01   1.10304E-03  -1.73135E-03  -2.74905E-01
         417   8.34000E-01   1.10302E-03  -1.73484E-03  -2.74895E-01
         418   8.36000E-01   1.10297E-03  -1.72899E-03  -2.74888E-01
         419   8.38000E-01   1.10298E-03  -1.71850E-03  -2.74879E-01
         420   8.40000E-01   1.10296E-03  -1.71514E-03  -2.74885E-01
         421   8.42000E-01   1.10298E-03  -1.70434E-03  -2.74882E-01
         422   8.44000E-01   1.10301E-03  -1.70912E-03  -2.74893E-01
         423   8.46000E-01   1.10302E-03  -1.70899E-03  -2.74899E-01
         424   8.48000E-01   1.10304E-03  -1.72186E-03  -2.74900E-01
         425   8.50000E-01   1.10304E-03  -1.71592E-03  -2.74898E-01
         426   8.52000E-01   1.10303E-03  -1.73052E-03  -2.74902E-01
         427   8.54000E-01   1.10302E-03  -1.73525E-03  -2.74893E-01
         428   8.56000E-01   1.10299E-03  -1.73706E-03  -2.74887E-01
         429   8.58000E-01   1.10292E-03  -1.72510E-03  -2.74879E-01
         430   8.60000E-01   1.10290E-03  -1.70793E-03  -2.74868E-01
         431   8.62000E-01   1.10291E-03  -1.70636E-03  -2.74870E-01
         432   8.64000E-01   1.10289E-03  -1.70512E-03  -2.74873E-01
         433   8.66000E-01   1.10293E-03  -1.70635E-03  -2.74871E-01
         434   8.68000E-01   1.10296E-03  -1.73520E-03  -2.74879E-01
         435   8.70000E-01   1.10292E-03  -1.74204E-03  -2.74871E-01
         436   8.72000E-01   1.10288E-03  -1.73231E-03  -2.74858E-01
         437   8.74000E-01   1.10285E-03  -1.73239E-03  -2.74854E-01
         438   8.76000E-01   1.10279E-03  -1.71435E-03  -2.74846E-01
         439   8.78000E-01   1.10280E-03  -1.70726E-03  -2.74840E-01
         440   8.80000E-01   1.10281E-03  -1.71935E-03  -2.74846E-01
         441   8.82000E-01   1.10279E-03  -1.70910E-03  -2.74844E-01
         442   8.84000E-01   1.10283E-03  -1.72539E-03  -2.74844E-01
         443   8.86000E-01   1.10285E-03  -1.73710E-03  -2.74844E-01
         444   8.88000E-01   1.10281E-03  -1.74199E-03  -2.74844E-01
         445   8.90000E-01   1.10279E-03  -1.72838E-03  -2.74832E-01
         446   8.92000E-01   1.10277E-03  -1.72707E-03  -2.74832E-01
         447   8.94000E-01   1.10272E-03  -1.71165E-03  -2.74828E-01
         448   8.96000E-01   1.10274E-03  -1.69921E-03  -2.74825E-01
         449   8.98000E-01   1.10279E-03  -1.70451E-03  -2.74835E-01
         450   9.00000E-01   1.10281E-03  -1.71893E-03  -2.74846E-01
         451   9.02000E-01   1.10283E-03  -1.71067E-03  -2.74843E-01
         452   9.04000E-01   1.10284E-03  -1.70988E-03  -2.74851E-01
         453   9.06000E-01   1.10284E-03  -1.69378E-03  -2.74856E-01
         454   9.08000E-01   1.10290E-03  -1.68648E-03  -2.74864E-01
         455   9.10000E-01   1.10297E-03  -1.67339E-03  -2.74881E-01
         456   9.12000E-01   1.10301E-03  -1.67166E-03  -2.74906E-01
         457   9.14000E-01   1.10309E-03  -1.66868E-03  -2.74917E-01
         458   9.16000E-01   1.10318E-03  -1.72124E-03  -2.74938E-01
         459   9.18000E-01   1.10318E-03  -1.72465E-03  -2.74934E-01
         460   9.20000E-01   1.10319E-03  -1.72825E-03  -2.74933E-01
         461   9.22000E-01   1.10320E-03  -1.72858E-03  -2.74933E-01
         462   9.24000E-01   1.10316E-03  -1.71411E-03  -2.74935E-01
         463   9.26000E-01   1.10319E-03  -1.69216E-03  -2.74934E-01
         464   9.28000E-01   1.10326E-03  -1.69697E-03  -2.74952E-01
         465   9.30000E-01   1.10329E-03  -1.71229E-03  -2.74966E-01
         466   9.32000E-01   1.10332E-03  -1.70667E-03  -2.74966E-01
         467   9.34000E-01   1.10334E-03  -1.70824E-03  -2.74976E-01
         468   9.36000E-01   1.10331E-03  -1.70841E-03  -2.74982E-01
         469   9.38000E-01   1.10331E-03  -1.71183E-03  -2.74974E-01
         470   9.40000E-01   1.10332E-03  -1.70314E-03  -2.74971E-01
         471   9.42000E-01   1.10330E-03  -1.70200E-03  -2.74977E-01
         472   9.44000E-01   1.10333E-03  -1.69807E-03  -2.74974E-01
         473   9.46000E-01   1.10340E-03  -1.71600E-03  -2.74983E-01
         474   9.48000E-01   1.10341E-03  -1.76234E-03  -2.74991E-01
         475   9.50000E-01   1.10336E-03  -1.76785E-03  -2.74971E-01
         476   9.52000E-01   1.10329E-03  -1.74235E-03  -2.74957E-01
         477   9.54000E-01   1.10324E-03  -1.72602E-03  -2.74952E-01
         478   9.56000E-01   1.10323E-03  -1.70044E-03  -2.74947E-01
         479   9.58000E-01   1.10326E-03  -1.68395E-03  -2.74957E-01
         480   9.60000E-01   1.10331E-03  -1.68085E-03  -2.74974E-01
         481   9.62000E-01   1.10339E-03  -1.69670E-03  -2.74986E-01
         482   9.64000E-01   1.10344E-03  -1.74383E-03  -2.74999E-01
         483   9.66000E-01   1.10339E-03  -1.74097E-03  -2.74989E-01
         484   9.68000E-01   1.10336E-03  -1.73160E-03  -2.74977E-01
         485   9.70000E-01   1.10335E-03  -1.73267E-03  -2.74974E-01
         486   9.72000E-01   1.10329E-03  -1.73876E-03  -2.74970E-01
         487   9.74000E-01   1.10328E-03  -1.72820E-03  -2.74953E-01
         488   9.76000E-01   1.10329E-03  -1.72485E-03  -2.74956E-01
         489   9.78000E-01   1.10328E-03  -1.73187E-03  -2.74959E-01
         490   9.80000E-01   1.10328E-03  -1.73618E-03  -2.74954E-01
         491   9.82000E-01   1.10325E-03  -1.72382E-03  -2.74953E-01
         492   9.84000E-01   1.10320E-03  -1.71749E-03  -2.74952E-01
         493   9.86000E-01   1.10320E-03  -1.71723E-03  -2.74942E-01
         494   9.88000E-01   1.10319E-03  -1.74748E-03  -2.74942E-01
         495   9.90000E-01   1.10312E-03  -1.74197E-03  -2.74925E-01
         496   9.92000E-01   1.10308E-03  -1.74711E-03  -2.74908E-01
         497   9.94000E-01   1.10300E-03  -1.74492E-03  -2.74896E-01
         498   9.96000E-01   1.10295E-03  -1.72365E-03  -2.74878E-01
         499   9.98000E-01   1.10293E-03  -1.69799E-03  -2.74876E-01
         500   1.00000E+00   1.10291E-03  -1.68250E-03  -2.74883E-01
