    Timestep          Time             Y          Rise        Inflow
      number                    centroid      velocity      velocity
           1   2.00000E-03  -2.13490E-18   3.40686E-02   5.33725E-16
           2   4.00000E-03   6.91819E-05   4.57004E-02  -1.70343E-02
           3   6.00000E-03   1.61415E-04   4.69535E-02  -4.01457E-02
           4   8.00000E-03   2.55518E-04   4.38877E-02  -6.38305E-02
           5   1.00000E-02   3.42685E-04   3.94075E-02  -8.58234E-02
           6   1.20000E-02   4.20368E-04   3.47743E-02  -1.05375E-01
           7   1.40000E-02   4.88322E-04   3.01669E-02  -1.22479E-01
           8   1.60000E-02   5.46664E-04   2.59831E-02  -1.37164E-01
           9   1.80000E-02   5.96184E-04   2.23154E-02  -1.49658E-01
          10   2.00000E-02   6.38212E-04   1.90443E-02  -1.60204E-01
          11   2.20000E-02   6.72886E-04   1.59749E-02  -1.69075E-01
          12   2.40000E-02   7.00886E-04   1.35601E-02  -1.76209E-01
          13   2.60000E-02   7.23861E-04   1.16666E-02  -1.82001E-01
          14   2.80000E-02   7.43119E-04   1.00026E-02  -1.86798E-01
          15   3.00000E-02   7.58853E-04   8.52170E-03  -1.90781E-01
          16   3.20000E-02   7.71560E-04   7.42597E-03  -1.93974E-01
          17   3.40000E-02   7.82056E-04   6.57173E-03  -1.96603E-01
          18   3.60000E-02   7.92794E-04   5.74173E-03  -1.98800E-01
          19   3.80000E-02   8.02466E-04   4.41663E-03  -2.01069E-01
          20   4.00000E-02   8.09310E-04   3.18457E-03  -2.02825E-01
          21   4.20000E-02   8.13464E-04   2.48533E-03  -2.03920E-01
          22   4.40000E-02   8.16302E-04   1.94095E-03  -2.04609E-01
          23   4.60000E-02   8.18451E-04   1.03497E-03  -2.05046E-01
          24   4.80000E-02   8.19133E-04   6.88896E-04  -2.05130E-01
          25   5.00000E-02   8.19304E-04   5.89531E-04  -2.05128E-01
          26   5.20000E-02   8.19378E-04   6.44685E-04  -2.05121E-01
          27   5.40000E-02   8.19606E-04   9.63389E-04  -2.05167E-01
          28   5.60000E-02   8.20402E-04   1.24369E-03  -2.05383E-01
          29   5.80000E-02   8.21539E-04   1.20093E-03  -2.05722E-01
          30   6.00000E-02   8.22374E-04   1.29496E-03  -2.05985E-01
          31   6.20000E-02   8.23431E-04   1.38542E-03  -2.06241E-01
          32   6.40000E-02   8.24771E-04   1.36588E-03  -2.06550E-01
          33   6.60000E-02   8.26124E-04   1.39500E-03  -2.06876E-01
          34   6.80000E-02   8.27682E-04   1.56170E-03  -2.07228E-01
          35   7.00000E-02   8.29727E-04   1.75790E-03  -2.07701E-01
          36   7.20000E-02   8.32288E-04   1.92477E-03  -2.08311E-01
          37   7.40000E-02   8.35427E-04   1.99542E-03  -2.09034E-01
          38   7.60000E-02   8.39074E-04   1.92424E-03  -2.09854E-01
          39   7.80000E-02   8.42720E-04   1.75973E-03  -2.10731E-01
          40   8.00000E-02   8.46354E-04   1.57189E-03  -2.11560E-01
          41   8.20000E-02   8.49987E-04   1.35091E-03  -2.12374E-01
          42   8.40000E-02   8.53228E-04   1.06289E-03  -2.13172E-01
          43   8.60000E-02   8.55916E-04   8.50549E-04  -2.13838E-01
          44   8.80000E-02   8.58921E-04   6.94061E-04  -2.14404E-01
          45   9.00000E-02   8.61753E-04   4.51475E-04  -2.15077E-01
          46   9.20000E-02   8.63865E-04   2.14493E-04  -2.15664E-01
          47   9.40000E-02   8.65790E-04  -1.21010E-04  -2.16074E-01
          48   9.60000E-02   8.67177E-04  -3.72068E-04  -2.16387E-01
          49   9.80000E-02   8.67657E-04  -5.72617E-04  -2.16608E-01
          50   1.00000E-01   8.67683E-04  -6.94109E-04  -2.16628E-01
          51   1.02000E-01   8.67376E-04  -8.19679E-04  -2.16574E-01
          52   1.04000E-01   8.66473E-04  -9.25346E-04  -2.16434E-01
          53   1.06000E-01   8.64943E-04  -8.93120E-04  -2.16156E-01
          54   1.08000E-01   8.63056E-04  -9.35285E-04  -2.15789E-01
          55   1.10000E-01   8.60965E-04  -7.05670E-04  -2.15296E-01
          56   1.12000E-01   8.58625E-04  -5.63842E-04  -2.14888E-01
          57   1.14000E-01   8.56691E-04  -4.73924E-04  -2.14374E-01
          58   1.16000E-01   8.54685E-04  -4.56163E-04  -2.13936E-01
          59   1.18000E-01   8.53054E-04  -2.87307E-04  -2.13443E-01
          60   1.20000E-01   8.51092E-04  -1.31801E-04  -2.13120E-01
          61   1.22000E-01   8.49986E-04   1.77786E-04  -2.12707E-01
          62   1.24000E-01   8.49582E-04   1.44375E-04  -2.12585E-01
          63   1.26000E-01   8.49515E-04   1.53819E-04  -2.12468E-01
          64   1.28000E-01   8.49381E-04  -9.42775E-05  -2.12456E-01
          65   1.30000E-01   8.49204E-04  -3.94451E-05  -2.12298E-01
          66   1.32000E-01   8.49222E-04  -5.13845E-05  -2.12281E-01
          67   1.34000E-01   8.49603E-04  -5.44283E-06  -2.12280E-01
          68   1.36000E-01   8.49931E-04  -1.03935E-04  -2.12398E-01
          69   1.38000E-01   8.50344E-04  -1.31943E-04  -2.12431E-01
          70   1.40000E-01   8.50810E-04  -2.33313E-04  -2.12520E-01
          71   1.42000E-01   8.51265E-04  -3.80480E-04  -2.12586E-01
          72   1.44000E-01   8.51382E-04  -5.66465E-04  -2.12626E-01
          73   1.46000E-01   8.51118E-04  -6.49025E-04  -2.12562E-01
          74   1.48000E-01   8.51063E-04  -7.16074E-04  -2.12455E-01
          75   1.50000E-01   8.50666E-04  -8.70397E-04  -2.12408E-01
          76   1.52000E-01   8.50241E-04  -8.65632E-04  -2.12231E-01
          77   1.54000E-01   8.49471E-04  -9.01655E-04  -2.12127E-01
          78   1.56000E-01   8.48606E-04  -8.50978E-04  -2.11917E-01
          79   1.58000E-01   8.47634E-04  -8.65916E-04  -2.11726E-01
          80   1.60000E-01   8.46269E-04  -7.61439E-04  -2.11476E-01
          81   1.62000E-01   8.45415E-04  -5.79447E-04  -2.11187E-01
          82   1.64000E-01   8.44943E-04  -4.76881E-04  -2.11064E-01
          83   1.66000E-01   8.44704E-04  -7.15603E-04  -2.10997E-01
          84   1.68000E-01   8.43724E-04  -1.08447E-03  -2.10818E-01
          85   1.70000E-01   8.41711E-04  -9.60727E-04  -2.10389E-01
          86   1.72000E-01   8.40070E-04  -7.50178E-04  -2.09947E-01
          87   1.74000E-01   8.39045E-04  -5.96655E-04  -2.09642E-01
          88   1.76000E-01   8.38621E-04  -5.62386E-04  -2.09463E-01
          89   1.78000E-01   8.38369E-04  -5.56391E-04  -2.09374E-01
          90   1.80000E-01   8.38305E-04  -5.01453E-04  -2.09314E-01
          91   1.82000E-01   8.37890E-04  -3.77615E-04  -2.09326E-01
          92   1.84000E-01   8.37903E-04   6.01668E-05  -2.09284E-01
          93   1.86000E-01   8.39098E-04   4.46994E-04  -2.09506E-01
          94   1.88000E-01   8.40686E-04   4.46001E-04  -2.09998E-01
          95   1.90000E-01   8.42200E-04   6.32321E-04  -2.10394E-01
          96   1.92000E-01   8.44078E-04   5.65450E-04  -2.10866E-01
          97   1.94000E-01   8.46129E-04   5.58357E-04  -2.11302E-01
          98   1.96000E-01   8.47848E-04   3.18015E-04  -2.11811E-01
          99   1.98000E-01   8.48862E-04   3.98070E-04  -2.12121E-01
         100   1.99714E-01   8.48694E-04   3.30819E-04  -2.12415E-01
         101   2.01280E-01   8.47850E-04   6.50485E-04  -2.12339E-01
         102   2.02800E-01   8.46985E-04   9.42802E-04  -2.12288E-01
         103   2.04302E-01   8.46552E-04   1.24893E-03  -2.12218E-01
         104   2.05793E-01   8.46850E-04   1.42059E-03  -2.12262E-01
         105   2.07278E-01   8.47115E-04   1.43146E-03  -2.12423E-01
         106   2.08757E-01   8.47755E-04   1.53920E-03  -2.12494E-01
         107   2.10233E-01   8.48649E-04   1.26672E-03  -2.12708E-01
         108   2.11723E-01   8.49471E-04   1.23736E-03  -2.12796E-01
         109   2.13232E-01   8.50884E-04   1.15390E-03  -2.12986E-01
         110   2.14782E-01   8.52237E-04   1.02096E-03  -2.13298E-01
         111   2.16386E-01   8.53738E-04   8.95502E-04  -2.13570E-01
         112   2.18116E-01   8.55202E-04   7.52300E-04  -2.13882E-01
         113   2.20035E-01   8.56509E-04   5.74174E-04  -2.14177E-01
         114   2.22011E-01   8.57341E-04   5.57758E-04  -2.14414E-01
         115   2.24003E-01   8.58405E-04   4.90499E-04  -2.14614E-01
         116   2.26001E-01   8.59003E-04   4.73609E-04  -2.14846E-01
         117   2.28001E-01   8.59760E-04   5.14943E-04  -2.14987E-01
         118   2.30000E-01   8.60675E-04   5.17934E-04  -2.15197E-01
         119   2.32000E-01   8.61059E-04   4.04051E-04  -2.15428E-01
         120   2.34000E-01   8.61444E-04   6.32391E-04  -2.15467E-01
         121   2.36000E-01   8.62741E-04   9.68334E-04  -2.15677E-01
         122   2.38000E-01   8.64821E-04   8.81513E-04  -2.16169E-01
         123   2.40000E-01   8.66630E-04   7.80793E-04  -2.16646E-01
         124   2.41910E-01   8.67698E-04   6.81182E-04  -2.17048E-01
         125   2.43697E-01   8.68113E-04   6.53485E-04  -2.17265E-01
         126   2.45427E-01   8.68483E-04   5.97515E-04  -2.17355E-01
         127   2.47185E-01   8.69231E-04   6.05936E-04  -2.17420E-01
         128   2.49071E-01   8.71287E-04   4.14370E-04  -2.17611E-01
         129   2.51037E-01   8.73838E-04   1.90290E-04  -2.18029E-01
         130   2.53027E-01   8.77187E-04  -1.62207E-05  -2.18555E-01
         131   2.55024E-01   8.81094E-04  -5.15948E-04  -2.19289E-01
         132   2.57023E-01   8.84631E-04  -9.69949E-04  -2.20016E-01
         133   2.59022E-01   8.86494E-04  -1.61503E-03  -2.20673E-01
         134   2.61022E-01   8.87736E-04  -1.89420E-03  -2.20816E-01
         135   2.63022E-01   8.87965E-04  -2.41721E-03  -2.20987E-01
         136   2.65022E-01   8.86939E-04  -2.40476E-03  -2.20783E-01
         137   2.67022E-01   8.85923E-04  -2.30088E-03  -2.20532E-01
         138   2.69022E-01   8.84302E-04  -2.10713E-03  -2.20330E-01
         139   2.71022E-01   8.83667E-04  -1.80853E-03  -2.20022E-01
         140   2.73022E-01   8.83097E-04  -1.83441E-03  -2.20013E-01
         141   2.75022E-01   8.82970E-04  -1.83321E-03  -2.19857E-01
         142   2.77022E-01   8.83466E-04  -2.15648E-03  -2.19826E-01
         143   2.79022E-01   8.83549E-04  -2.34158E-03  -2.19788E-01
         144   2.81022E-01   8.82278E-04  -2.35020E-03  -2.19717E-01
         145   2.83022E-01   8.81626E-04  -2.20208E-03  -2.19394E-01
         146   2.85022E-01   8.80827E-04  -2.30016E-03  -2.19305E-01
         147   2.87022E-01   8.80324E-04  -2.23150E-03  -2.19057E-01
         148   2.89022E-01   8.79818E-04  -2.33916E-03  -2.18965E-01
         149   2.91022E-01   8.78879E-04  -2.35087E-03  -2.18785E-01
         150   2.93022E-01   8.77394E-04  -2.21183E-03  -2.18544E-01
         151   2.95022E-01   8.76749E-04  -1.97251E-03  -2.18243E-01
         152   2.97022E-01   8.76401E-04  -1.96127E-03  -2.18201E-01
         153   2.99022E-01   8.75771E-04  -1.94419E-03  -2.18120E-01
         154   3.01022E-01   8.74317E-04  -1.77858E-03  -2.17971E-01
         155   3.03022E-01   8.72696E-04  -1.47244E-03  -2.17690E-01
         156   3.05022E-01   8.71069E-04  -1.00430E-03  -2.17438E-01
         157   3.07022E-01   8.70563E-04  -5.88794E-04  -2.17265E-01
         158   3.08963E-01   8.70815E-04  -5.81879E-04  -2.17346E-01
         159   3.10736E-01   8.70533E-04  -6.35763E-04  -2.17413E-01
         160   3.12475E-01   8.70088E-04  -3.68504E-04  -2.17315E-01
         161   3.14250E-01   8.70524E-04  -1.76472E-04  -2.17338E-01
         162   3.16108E-01   8.70645E-04  -3.22411E-04  -2.17543E-01
         163   3.18066E-01   8.70985E-04  -2.18127E-04  -2.17500E-01
         164   3.20053E-01   8.70991E-04  -3.62376E-04  -2.17637E-01
         165   3.22050E-01   8.70618E-04  -5.24166E-05  -2.17567E-01
         166   3.24048E-01   8.70317E-04   2.28102E-04  -2.17628E-01
         167   3.26048E-01   8.70215E-04   5.12286E-04  -2.17693E-01
         168   3.27978E-01   8.71363E-04   8.61340E-04  -2.17810E-01
         169   3.29767E-01   8.72016E-04   7.10680E-04  -2.18271E-01
         170   3.31457E-01   8.72367E-04   8.49259E-04  -2.18359E-01
         171   3.33092E-01   8.73241E-04   7.41340E-04  -2.18516E-01
         172   3.34706E-01   8.73165E-04   4.83148E-04  -2.18681E-01
         173   3.36326E-01   8.72906E-04   5.75108E-04  -2.18533E-01
         174   3.37972E-01   8.72650E-04   5.19296E-04  -2.18514E-01
         175   3.39661E-01   8.72252E-04   5.11537E-04  -2.18422E-01
         176   3.41411E-01   8.72300E-04   5.07997E-04  -2.18319E-01
         177   3.43232E-01   8.71937E-04   3.30797E-04  -2.18329E-01
         178   3.45132E-01   8.71973E-04   3.14036E-04  -2.18150E-01
         179   3.47003E-01   8.70638E-04   9.21551E-05  -2.18150E-01
         180   3.48813E-01   8.69755E-04   2.51217E-04  -2.17706E-01
         181   3.50598E-01   8.69262E-04   3.06559E-04  -2.17564E-01
         182   3.52374E-01   8.68552E-04   3.53665E-04  -2.17469E-01
         183   3.54160E-01   8.68063E-04   4.09630E-04  -2.17315E-01
         184   3.55978E-01   8.67809E-04   3.98920E-04  -2.17221E-01
         185   3.57829E-01   8.67447E-04   4.75739E-04  -2.17152E-01
         186   3.59701E-01   8.66917E-04   6.54356E-04  -2.17100E-01
         187   3.61574E-01   8.67360E-04   7.23601E-04  -2.17057E-01
         188   3.63417E-01   8.68226E-04   5.93754E-04  -2.17202E-01
         189   3.65286E-01   8.68703E-04   5.25641E-04  -2.17353E-01
         190   3.67173E-01   8.68867E-04   5.09757E-04  -2.17438E-01
         191   3.69096E-01   8.68885E-04   4.17234E-04  -2.17472E-01
         192   3.71024E-01   8.69341E-04   4.42545E-04  -2.17430E-01
         193   3.72865E-01   8.69217E-04   4.71043E-04  -2.17556E-01
         194   3.74704E-01   8.69813E-04   7.28382E-04  -2.17540E-01
         195   3.76540E-01   8.70580E-04   7.01887E-04  -2.17817E-01
         196   3.78348E-01   8.70394E-04   7.87526E-04  -2.17996E-01
         197   3.80172E-01   8.70701E-04   1.11355E-03  -2.17992E-01
         198   3.82027E-01   8.71585E-04   1.20717E-03  -2.18232E-01
         199   3.83915E-01   8.73802E-04   1.10561E-03  -2.18500E-01
         200   3.85801E-01   8.76624E-04   8.57772E-04  -2.19003E-01
         201   3.87663E-01   8.77900E-04   4.52907E-04  -2.19585E-01
         202   3.89504E-01   8.78375E-04   4.20161E-04  -2.19701E-01
         203   3.91322E-01   8.78819E-04   4.32265E-04  -2.19804E-01
         204   3.93149E-01   8.80286E-04   4.42309E-04  -2.19921E-01
         205   3.95022E-01   8.81539E-04   1.13180E-04  -2.20293E-01
         206   3.96984E-01   8.82756E-04  -4.21271E-05  -2.20441E-01
         207   3.98972E-01   8.82978E-04  -4.88682E-04  -2.20668E-01
         208   4.00969E-01   8.82894E-04  -3.92146E-04  -2.20500E-01
         209   4.02968E-01   8.82261E-04  -8.21963E-05  -2.20527E-01
         210   4.04928E-01   8.82197E-04   1.93234E-04  -2.20524E-01
         211   4.06768E-01   8.82394E-04   2.91764E-04  -2.20646E-01
         212   4.08621E-01   8.82565E-04   4.13198E-04  -2.20744E-01
         213   4.10578E-01   8.83862E-04   4.67109E-04  -2.20848E-01
         214   4.12564E-01   8.85158E-04   2.38551E-04  -2.21199E-01
         215   4.14560E-01   8.87015E-04  -2.12677E-05  -2.21409E-01
         216   4.16559E-01   8.87541E-04  -3.68519E-04  -2.21743E-01
         217   4.18559E-01   8.87623E-04  -3.42501E-04  -2.21701E-01
         218   4.20559E-01   8.87058E-04  -3.60221E-04  -2.21735E-01
         219   4.22559E-01   8.85830E-04  -2.34519E-04  -2.21584E-01
         220   4.24559E-01   8.85700E-04  -6.50999E-05  -2.21340E-01
         221   4.26559E-01   8.84962E-04  -1.75951E-05  -2.21392E-01
         222   4.28559E-01   8.83931E-04   2.49887E-04  -2.21232E-01
         223   4.30559E-01   8.82840E-04   4.89214E-04  -2.21108E-01
         224   4.32559E-01   8.82941E-04   6.92136E-04  -2.20955E-01
         225   4.34559E-01   8.83401E-04   6.34569E-04  -2.21081E-01
         226   4.36559E-01   8.83105E-04   5.57425E-04  -2.21167E-01
         227   4.38559E-01   8.82379E-04   6.52102E-04  -2.21055E-01
         228   4.40559E-01   8.81983E-04   7.19673E-04  -2.20921E-01
         229   4.42559E-01   8.81824E-04   6.96766E-04  -2.20856E-01
         230   4.44559E-01   8.81183E-04   9.20010E-04  -2.20804E-01
         231   4.46559E-01   8.80757E-04   1.22701E-03  -2.20756E-01
         232   4.48546E-01   8.81248E-04   1.42863E-03  -2.20803E-01
         233   4.50529E-01   8.82898E-04   1.30886E-03  -2.21026E-01
         234   4.52518E-01   8.84135E-04   9.35538E-04  -2.21379E-01
         235   4.54514E-01   8.83985E-04   9.84714E-04  -2.21502E-01
         236   4.56513E-01   8.83935E-04   1.29650E-03  -2.21489E-01
         237   4.58513E-01   8.84090E-04   1.32873E-03  -2.21632E-01
         238   4.60504E-01   8.84380E-04   1.33708E-03  -2.21687E-01
         239   4.62486E-01   8.84481E-04   1.23410E-03  -2.21763E-01
         240   4.64444E-01   8.84414E-04   1.29027E-03  -2.21737E-01
         241   4.66367E-01   8.85134E-04   1.44352E-03  -2.21749E-01
         242   4.68253E-01   8.85334E-04   1.32346E-03  -2.22005E-01
         243   4.70100E-01   8.85502E-04   1.58104E-03  -2.21995E-01
         244   4.71915E-01   8.86374E-04   1.57670E-03  -2.22166E-01
         245   4.73703E-01   8.87090E-04   1.32388E-03  -2.22382E-01
         246   4.75472E-01   8.87574E-04   1.15488E-03  -2.22434E-01
         247   4.77229E-01   8.87401E-04   1.03637E-03  -2.22471E-01
         248   4.78981E-01   8.87205E-04   9.09446E-04  -2.22369E-01
         249   4.80736E-01   8.87032E-04   8.39389E-04  -2.22256E-01
         250   4.82501E-01   8.87020E-04   6.55363E-04  -2.22178E-01
         251   4.84287E-01   8.86735E-04   3.91419E-04  -2.22083E-01
         252   4.86111E-01   8.86559E-04   3.04645E-04  -2.21880E-01
         253   4.87992E-01   8.86915E-04   2.08439E-04  -2.21792E-01
         254   4.89952E-01   8.86620E-04  -3.61982E-05  -2.21833E-01
         255   4.91941E-01   8.85605E-04   6.67876E-05  -2.21637E-01
         256   4.93937E-01   8.84897E-04   1.54181E-04  -2.21435E-01
         257   4.95936E-01   8.84746E-04   2.81089E-04  -2.21301E-01
         258   4.97936E-01   8.84640E-04   1.75471E-04  -2.21327E-01
         259   4.99936E-01   8.83431E-04   2.24802E-04  -2.21248E-01
         260   5.01936E-01   8.83257E-04   4.68214E-04  -2.20970E-01
         261   5.03936E-01   8.83874E-04   2.75921E-04  -2.21048E-01
         262   5.05935E-01   8.84010E-04  -4.30503E-05  -2.21107E-01
         263   5.07935E-01   8.82244E-04  -2.05348E-04  -2.20981E-01
         264   5.09935E-01   8.80102E-04   1.64263E-04  -2.20458E-01
         265   5.11935E-01   8.79397E-04   5.16345E-04  -2.20108E-01
         266   5.13935E-01   8.79423E-04   6.00992E-04  -2.20107E-01
         267   5.15935E-01   8.79654E-04   5.81465E-04  -2.20156E-01
         268   5.17935E-01   8.79875E-04   6.57020E-04  -2.20204E-01
         269   5.19935E-01   8.79895E-04   6.23512E-04  -2.20297E-01
         270   5.21935E-01   8.80318E-04   6.52806E-04  -2.20285E-01
         271   5.23935E-01   8.80877E-04   5.04392E-04  -2.20406E-01
         272   5.25935E-01   8.81291E-04   4.20653E-04  -2.20471E-01
         273   5.27935E-01   8.81543E-04   3.20939E-04  -2.20533E-01
         274   5.29935E-01   8.81507E-04   1.67920E-04  -2.20546E-01
         275   5.31935E-01   8.81219E-04  -1.03768E-04  -2.20461E-01
         276   5.33935E-01   8.80686E-04  -3.55897E-04  -2.20253E-01
         277   5.35867E-01   8.79955E-04  -2.53952E-04  -2.19994E-01
         278   5.37816E-01   8.79648E-04  -2.88284E-04  -2.19862E-01
         279   5.39801E-01   8.79230E-04  -2.64320E-04  -2.19768E-01
         280   5.41644E-01   8.78474E-04  -1.76975E-04  -2.19675E-01
         281   5.43484E-01   8.77884E-04  -2.36558E-05  -2.19530E-01
         282   5.45436E-01   8.77992E-04  -7.11042E-07  -2.19459E-01
         283   5.47421E-01   8.78210E-04  -8.10568E-05  -2.19498E-01
         284   5.49417E-01   8.78561E-04  -1.59690E-04  -2.19512E-01
         285   5.51415E-01   8.78042E-04  -2.65707E-04  -2.19560E-01
         286   5.53415E-01   8.77620E-04  -2.32223E-04  -2.19378E-01
         287   5.55415E-01   8.77142E-04  -2.72464E-04  -2.19289E-01
         288   5.57415E-01   8.76521E-04  -4.45354E-04  -2.19149E-01
         289   5.59415E-01   8.75797E-04  -5.53954E-04  -2.18908E-01
         290   5.61415E-01   8.74555E-04  -4.90982E-04  -2.18672E-01
         291   5.63415E-01   8.73613E-04  -1.87509E-04  -2.18393E-01
         292   5.65415E-01   8.73754E-04  -8.11978E-05  -2.18310E-01
         293   5.67415E-01   8.73922E-04  -1.48353E-04  -2.18398E-01
         294   5.69415E-01   8.73452E-04  -1.38333E-04  -2.18406E-01
         295   5.71415E-01   8.73344E-04   1.01153E-05  -2.18294E-01
         296   5.73415E-01   8.73368E-04   8.86834E-06  -2.18341E-01
         297   5.75415E-01   8.73574E-04   6.73638E-05  -2.18346E-01
         298   5.77415E-01   8.73262E-04   6.27941E-05  -2.18427E-01
         299   5.79415E-01   8.73127E-04   2.07697E-04  -2.18347E-01
         300   5.81415E-01   8.73497E-04   1.54377E-04  -2.18386E-01
         301   5.83415E-01   8.73356E-04   3.23844E-05  -2.18451E-01
         302   5.85415E-01   8.73326E-04  -2.36161E-05  -2.18355E-01
         303   5.87415E-01   8.72512E-04   7.64972E-05  -2.18320E-01
         304   5.89415E-01   8.71982E-04   2.75035E-04  -2.18166E-01
         305   5.91415E-01   8.72481E-04   3.79889E-04  -2.18133E-01
         306   5.93415E-01   8.72773E-04   2.51314E-04  -2.18310E-01
         307   5.95415E-01   8.72372E-04   3.18715E-04  -2.18319E-01
         308   5.97415E-01   8.72550E-04   1.78106E-04  -2.18252E-01
         309   5.99415E-01   8.72653E-04   2.31599E-04  -2.18227E-01
         310   6.01415E-01   8.72831E-04   2.72777E-04  -2.18279E-01
         311   6.03415E-01   8.72952E-04   3.56804E-04  -2.18344E-01
         312   6.05415E-01   8.73219E-04   4.54394E-04  -2.18416E-01
         313   6.07415E-01   8.74666E-04   4.62453E-04  -2.18532E-01
         314   6.09415E-01   8.75742E-04   1.97808E-04  -2.18898E-01
         315   6.11415E-01   8.76190E-04   1.59652E-04  -2.19034E-01
         316   6.13415E-01   8.76847E-04   1.99598E-04  -2.19127E-01
         317   6.15415E-01   8.77992E-04   1.12781E-04  -2.19312E-01
         318   6.17415E-01   8.79234E-04  -5.04731E-05  -2.19554E-01
         319   6.19415E-01   8.80285E-04  -2.12811E-04  -2.19783E-01
         320   6.21415E-01   8.80010E-04  -3.27553E-04  -2.19965E-01
         321   6.23415E-01   8.80676E-04  -1.19337E-04  -2.19839E-01
         322   6.25415E-01   8.81912E-04  -3.28289E-04  -2.20109E-01
         323   6.27415E-01   8.81529E-04  -4.94365E-04  -2.20314E-01
         324   6.29415E-01   8.81514E-04  -2.77182E-04  -2.20135E-01
         325   6.31415E-01   8.82275E-04  -3.67433E-04  -2.20240E-01
         326   6.33415E-01   8.82867E-04  -5.31384E-04  -2.20385E-01
         327   6.35415E-01   8.83936E-04  -6.72382E-04  -2.20451E-01
         328   6.37415E-01   8.84355E-04  -1.04060E-03  -2.20648E-01
         329   6.39415E-01   8.84836E-04  -1.15438E-03  -2.20569E-01
         330   6.41415E-01   8.85033E-04  -1.36813E-03  -2.20632E-01
         331   6.43415E-01   8.85064E-04  -1.37963E-03  -2.20574E-01
         332   6.45415E-01   8.85142E-04  -1.36477E-03  -2.20576E-01
         333   6.47415E-01   8.84227E-04  -1.34862E-03  -2.20603E-01
         334   6.49415E-01   8.83533E-04  -1.03925E-03  -2.20383E-01
         335   6.51415E-01   8.83309E-04  -9.24833E-04  -2.20364E-01
         336   6.53415E-01   8.83501E-04  -7.90833E-04  -2.20365E-01
         337   6.55415E-01   8.83885E-04  -7.98656E-04  -2.20480E-01
         338   6.57415E-01   8.84610E-04  -7.88404E-04  -2.20572E-01
         339   6.59415E-01   8.84799E-04  -8.72409E-04  -2.20758E-01
         340   6.61415E-01   8.85695E-04  -8.27280E-04  -2.20764E-01
         341   6.63415E-01   8.86286E-04  -1.05533E-03  -2.21010E-01
         342   6.65415E-01   8.86115E-04  -1.08971E-03  -2.21044E-01
         343   6.67415E-01   8.86124E-04  -1.03927E-03  -2.20984E-01
         344   6.69415E-01   8.86372E-04  -1.18446E-03  -2.21011E-01
         345   6.71415E-01   8.87287E-04  -1.37827E-03  -2.21001E-01
         346   6.73415E-01   8.87187E-04  -1.65177E-03  -2.21133E-01
         347   6.75415E-01   8.86731E-04  -1.46284E-03  -2.20971E-01
         348   6.77415E-01   8.86504E-04  -1.35150E-03  -2.20951E-01
         349   6.79415E-01   8.86283E-04  -1.19855E-03  -2.20950E-01
         350   6.81415E-01   8.86260E-04  -1.04119E-03  -2.20971E-01
         351   6.83415E-01   8.87124E-04  -8.55615E-04  -2.21044E-01
         352   6.85415E-01   8.88514E-04  -1.09104E-03  -2.21353E-01
         353   6.87415E-01   8.89261E-04  -1.21416E-03  -2.21583E-01
         354   6.89415E-01   8.89518E-04  -1.27180E-03  -2.21708E-01
         355   6.91415E-01   8.89768E-04  -1.44797E-03  -2.21744E-01
         356   6.93415E-01   8.89779E-04  -1.74498E-03  -2.21718E-01
         357   6.95415E-01   8.89257E-04  -1.83835E-03  -2.21572E-01
         358   6.97415E-01   8.88792E-04  -1.79048E-03  -2.21395E-01
         359   6.99415E-01   8.88656E-04  -1.67859E-03  -2.21303E-01
         360   7.01415E-01   8.88061E-04  -1.59207E-03  -2.21325E-01
         361   7.03415E-01   8.87573E-04  -1.41466E-03  -2.21219E-01
         362   7.05415E-01   8.87252E-04  -1.36206E-03  -2.21186E-01
         363   7.07415E-01   8.87017E-04  -1.22077E-03  -2.21132E-01
         364   7.09415E-01   8.87581E-04  -1.19965E-03  -2.21144E-01
         365   7.11415E-01   8.88000E-04  -1.37795E-03  -2.21295E-01
         366   7.13415E-01   8.88341E-04  -1.52777E-03  -2.21311E-01
         367   7.15415E-01   8.89240E-04  -1.81702E-03  -2.21321E-01
         368   7.17415E-01   8.89316E-04  -2.41102E-03  -2.21401E-01
         369   7.19415E-01   8.87882E-04  -2.53663E-03  -2.21124E-01
         370   7.21415E-01   8.85799E-04  -2.40030E-03  -2.20702E-01
         371   7.23415E-01   8.83748E-04  -2.12070E-03  -2.20250E-01
         372   7.25415E-01   8.81980E-04  -1.77680E-03  -2.19877E-01
         373   7.27415E-01   8.81378E-04  -1.64865E-03  -2.19607E-01
         374   7.29415E-01   8.81881E-04  -1.66782E-03  -2.19520E-01
         375   7.31415E-01   8.81543E-04  -1.85131E-03  -2.19636E-01
         376   7.33415E-01   8.80242E-04  -1.73531E-03  -2.19460E-01
         377   7.35415E-01   8.79899E-04  -1.52424E-03  -2.19193E-01
         378   7.37415E-01   8.79081E-04  -1.67685E-03  -2.19213E-01
         379   7.39415E-01   8.78568E-04  -1.71331E-03  -2.18932E-01
         380   7.41415E-01   8.77904E-04  -2.16944E-03  -2.18785E-01
         381   7.43415E-01   8.75289E-04  -2.35374E-03  -2.18391E-01
         382   7.45415E-01   8.73372E-04  -2.02469E-03  -2.17645E-01
         383   7.47415E-01   8.71865E-04  -1.89827E-03  -2.17331E-01
         384   7.49415E-01   8.69539E-04  -1.68863E-03  -2.17017E-01
         385   7.51415E-01   8.67929E-04  -1.28807E-03  -2.16540E-01
         386   7.53415E-01   8.66862E-04  -1.15648E-03  -2.16338E-01
         387   7.55415E-01   8.65533E-04  -1.01773E-03  -2.16137E-01
         388   7.57415E-01   8.65730E-04  -8.01220E-04  -2.15874E-01
         389   7.59415E-01   8.65540E-04  -9.99954E-04  -2.16032E-01
         390   7.61415E-01   8.65549E-04  -9.02185E-04  -2.15885E-01
         391   7.63415E-01   8.66265E-04  -9.74402E-04  -2.15936E-01
         392   7.65415E-01   8.65732E-04  -1.09671E-03  -2.16079E-01
         393   7.67415E-01   8.65350E-04  -1.03651E-03  -2.15885E-01
         394   7.69415E-01   8.65627E-04  -1.38562E-03  -2.15819E-01
         395   7.71415E-01   8.64003E-04  -1.77504E-03  -2.15714E-01
         396   7.73415E-01   8.61922E-04  -1.50537E-03  -2.15113E-01
         397   7.75415E-01   8.59584E-04  -1.16449E-03  -2.14728E-01
         398   7.77415E-01   8.58555E-04  -6.86746E-04  -2.14314E-01
         399   7.79415E-01   8.58849E-04  -6.43229E-04  -2.14295E-01
         400   7.81415E-01   8.58163E-04  -6.21881E-04  -2.14391E-01
         401   7.83415E-01   8.58947E-04  -3.95488E-04  -2.14230E-01
         402   7.85415E-01   8.59260E-04  -6.54190E-04  -2.14539E-01
         403   7.87415E-01   8.58553E-04  -4.76009E-04  -2.14488E-01
         404   7.89415E-01   8.58565E-04  -2.33613E-04  -2.14400E-01
         405   7.91415E-01   8.57634E-04  -2.13052E-04  -2.14524E-01
         406   7.93415E-01   8.56567E-04   8.78577E-05  -2.14302E-01
         407   7.95415E-01   8.57227E-04   2.56446E-04  -2.14186E-01
         408   7.97415E-01   8.58206E-04  -8.36968E-06  -2.14435E-01
         409   7.99415E-01   8.58888E-04  -2.50851E-04  -2.14547E-01
         410   8.01415E-01   8.59688E-04  -3.08028E-04  -2.14597E-01
         411   8.03415E-01   8.59383E-04  -3.92486E-04  -2.14768E-01
         412   8.05415E-01   8.58262E-04  -1.71032E-04  -2.14650E-01
         413   8.07415E-01   8.58055E-04   9.90397E-05  -2.14480E-01
         414   8.09415E-01   8.57297E-04   1.20030E-04  -2.14563E-01
         415   8.11415E-01   8.57835E-04   4.41399E-04  -2.14384E-01
         416   8.13415E-01   8.59274E-04   2.46662E-04  -2.14679E-01
         417   8.15415E-01   8.60783E-04   1.15804E-05  -2.14942E-01
         418   8.17415E-01   8.60712E-04  -2.99498E-04  -2.15202E-01
         419   8.19404E-01   8.60653E-04  -2.23232E-04  -2.15028E-01
         420   8.21378E-01   8.61182E-04  -2.41060E-04  -2.15052E-01
         421   8.23354E-01   8.60593E-04  -3.65901E-04  -2.15175E-01
         422   8.25288E-01   8.60489E-04  -8.79029E-05  -2.14965E-01
         423   8.27171E-01   8.60473E-04  -1.30492E-04  -2.15078E-01
         424   8.29015E-01   8.60587E-04  -3.10958E-05  -2.15053E-01
         425   8.30843E-01   8.60509E-04  -5.21689E-05  -2.15131E-01
         426   8.32667E-01   8.61543E-04   8.98037E-06  -2.15101E-01
         427   8.34500E-01   8.62436E-04  -2.41324E-04  -2.15390E-01
         428   8.36345E-01   8.63333E-04  -2.64791E-04  -2.15488E-01
         429   8.38180E-01   8.63617E-04  -3.96030E-04  -2.15701E-01
         430   8.39991E-01   8.63151E-04  -3.04258E-04  -2.15706E-01
         431   8.41788E-01   8.63060E-04  -1.55739E-04  -2.15636E-01
         432   8.43579E-01   8.63155E-04  -1.21875E-04  -2.15687E-01
         433   8.45371E-01   8.63293E-04  -1.66946E-04  -2.15728E-01
         434   8.47169E-01   8.63305E-04  -1.56150E-04  -2.15740E-01
         435   8.48976E-01   8.63444E-04  -1.67363E-04  -2.15748E-01
         436   8.50794E-01   8.63563E-04  -1.25827E-04  -2.15777E-01
         437   8.52622E-01   8.64156E-04  -9.06437E-05  -2.15828E-01
         438   8.54455E-01   8.64685E-04  -2.75447E-04  -2.15994E-01
         439   8.56290E-01   8.64773E-04  -3.00894E-04  -2.16033E-01
         440   8.58122E-01   8.63393E-04  -3.10055E-04  -2.16043E-01
         441   8.59953E-01   8.62758E-04   1.36395E-05  -2.15693E-01
         442   8.61789E-01   8.62922E-04  -1.74456E-05  -2.15696E-01
         443   8.63632E-01   8.63023E-04  -4.50197E-05  -2.15722E-01
         444   8.65464E-01   8.62772E-04  -5.25641E-05  -2.15733E-01
         445   8.67261E-01   8.61537E-04  -6.67398E-05  -2.15667E-01
         446   8.69032E-01   8.61232E-04   2.65294E-04  -2.15351E-01
         447   8.70785E-01   8.62571E-04   1.84833E-04  -2.15441E-01
         448   8.72531E-01   8.63586E-04  -1.35857E-04  -2.15735E-01
         449   8.74280E-01   8.64311E-04  -2.72236E-04  -2.15829E-01
         450   8.76044E-01   8.64106E-04  -4.07732E-04  -2.15942E-01
         451   8.77831E-01   8.62301E-04  -3.49227E-04  -2.15823E-01
         452   8.79648E-01   8.61092E-04   6.72442E-05  -2.15401E-01
         453   8.81496E-01   8.60752E-04   1.64982E-04  -2.15307E-01
         454   8.83372E-01   8.61315E-04   1.53305E-04  -2.15271E-01
         455   8.85276E-01   8.61854E-04  -4.09468E-05  -2.15405E-01
         456   8.87208E-01   8.60736E-04  -9.74242E-05  -2.15443E-01
         457   8.89169E-01   8.61202E-04   2.98063E-04  -2.15135E-01
         458   8.91157E-01   8.62130E-04   3.83385E-05  -2.15450E-01
         459   8.93154E-01   8.63470E-04  -5.48879E-05  -2.15552E-01
         460   8.95153E-01   8.63713E-04  -3.52618E-04  -2.15840E-01
         461   8.97152E-01   8.63687E-04  -3.18451E-04  -2.15752E-01
         462   8.99152E-01   8.63189E-04  -3.56929E-04  -2.15762E-01
         463   9.01152E-01   8.63086E-04  -2.96622E-04  -2.15619E-01
         464   9.03152E-01   8.62813E-04  -3.98292E-04  -2.15623E-01
         465   9.05152E-01   8.62463E-04  -4.08908E-04  -2.15504E-01
         466   9.07152E-01   8.62039E-04  -3.50463E-04  -2.15411E-01
         467   9.09152E-01   8.62272E-04  -3.58166E-04  -2.15335E-01
         468   9.11152E-01   8.62493E-04  -4.92292E-04  -2.15389E-01
         469   9.13152E-01   8.62766E-04  -4.94501E-04  -2.15377E-01
         470   9.15152E-01   8.63451E-04  -5.64982E-04  -2.15444E-01
         471   9.17152E-01   8.63251E-04  -7.40802E-04  -2.15580E-01
         472   9.19152E-01   8.63233E-04  -6.21840E-04  -2.15442E-01
         473   9.21152E-01   8.62228E-04  -6.61345E-04  -2.15497E-01
         474   9.23152E-01   8.62157E-04  -3.96311E-04  -2.15226E-01
         475   9.25152E-01   8.62885E-04  -6.40231E-04  -2.15341E-01
         476   9.27152E-01   8.63232E-04  -8.24302E-04  -2.15401E-01
         477   9.29152E-01   8.63641E-04  -9.03713E-04  -2.15396E-01
         478   9.31152E-01   8.63977E-04  -9.51893E-04  -2.15458E-01
         479   9.33152E-01   8.64608E-04  -1.06769E-03  -2.15518E-01
         480   9.35152E-01   8.64877E-04  -1.29741E-03  -2.15618E-01
         481   9.37152E-01   8.64333E-04  -1.29215E-03  -2.15571E-01
         482   9.39152E-01   8.63844E-04  -1.28016E-03  -2.15437E-01
         483   9.41152E-01   8.62767E-04  -1.18519E-03  -2.15321E-01
         484   9.43152E-01   8.62410E-04  -1.03694E-03  -2.15099E-01
         485   9.45152E-01   8.62784E-04  -1.07038E-03  -2.15084E-01
         486   9.47152E-01   8.62680E-04  -1.14501E-03  -2.15161E-01
         487   9.49152E-01   8.63220E-04  -1.08421E-03  -2.15097E-01
         488   9.51152E-01   8.63435E-04  -1.33367E-03  -2.15263E-01
         489   9.53152E-01   8.63947E-04  -1.53921E-03  -2.15192E-01
         490   9.55152E-01   8.63810E-04  -1.84930E-03  -2.15217E-01
         491   9.57152E-01   8.62456E-04  -1.84567E-03  -2.15028E-01
         492   9.59152E-01   8.61116E-04  -1.52306E-03  -2.14691E-01
         493   9.61152E-01   8.59850E-04  -1.35845E-03  -2.14518E-01
         494   9.63152E-01   8.58918E-04  -1.07239E-03  -2.14283E-01
         495   9.65152E-01   8.58779E-04  -9.05850E-04  -2.14193E-01
         496   9.67152E-01   8.58529E-04  -8.29757E-04  -2.14242E-01
         497   9.69152E-01   8.59094E-04  -7.07379E-04  -2.14217E-01
         498   9.71152E-01   8.59947E-04  -8.38241E-04  -2.14420E-01
         499   9.73152E-01   8.60534E-04  -9.32748E-04  -2.14568E-01
         500   9.75152E-01   8.60806E-04  -1.04281E-03  -2.14667E-01
         501   9.77152E-01   8.60260E-04  -1.09518E-03  -2.14680E-01
         502   9.79152E-01   8.59662E-04  -1.15893E-03  -2.14517E-01
         503   9.81152E-01   8.58549E-04  -1.21098E-03  -2.14336E-01
         504   9.83152E-01   8.57219E-04  -1.04368E-03  -2.14032E-01
         505   9.85152E-01   8.56965E-04  -8.76674E-04  -2.13783E-01
         506   9.87152E-01   8.56455E-04  -8.78507E-04  -2.13803E-01
         507   9.89152E-01   8.56749E-04  -6.54955E-04  -2.13675E-01
         508   9.91152E-01   8.57229E-04  -7.49288E-04  -2.13860E-01
         509   9.93152E-01   8.57433E-04  -7.12186E-04  -2.13933E-01
         510   9.95152E-01   8.58508E-04  -6.70188E-04  -2.14002E-01
         511   9.97152E-01   8.71196E-04  -8.88108E-04  -2.14292E-01
         512   9.99152E-01   8.84654E-04  -3.92734E-03  -2.17355E-01
         513   1.00115E+00   8.93061E-04  -5.79904E-03  -2.19200E-01
