    Timestep          Time             Y          Rise        Inflow
      number                    centroid      velocity      velocity
           1   2.00000E-03   2.13477E-18   3.78133E-02  -4.44743E-16
           2   4.00000E-03   7.66087E-05   5.60063E-02  -1.89067E-02
           3   6.00000E-03   1.89979E-04   6.40157E-02  -4.71553E-02
           4   8.00000E-03   3.19357E-04   6.68563E-02  -7.95025E-02
           5   1.00000E-02   4.54205E-04   6.68897E-02  -1.13267E-01
           6   1.20000E-02   5.88872E-04   6.52127E-02  -1.46996E-01
           7   1.40000E-02   7.20247E-04   6.22829E-02  -1.79824E-01
           8   1.60000E-02   8.45897E-04   5.82017E-02  -2.11203E-01
           9   1.80000E-02   9.63739E-04   5.29939E-02  -2.40575E-01
          10   2.00000E-02   1.07130E-03   4.67280E-02  -2.67432E-01
          11   2.20000E-02   1.16606E-03   3.96104E-02  -2.91190E-01
          12   2.40000E-02   1.24421E-03   3.19314E-02  -3.11321E-01
          13   2.60000E-02   1.30558E-03   2.50079E-02  -3.27018E-01
          14   2.80000E-02   1.35560E-03   1.88175E-02  -3.38899E-01
          15   3.00000E-02   1.39556E-03   1.24818E-02  -3.48309E-01
          16   3.20000E-02   1.41943E-03   6.22034E-03  -3.55130E-01
          17   3.40000E-02   1.42647E-03   2.05869E-03  -3.57968E-01
          18   3.60000E-02   1.42554E-03   2.08276E-04  -3.57646E-01
          19   3.80000E-02   1.42190E-03  -1.31753E-03  -3.56489E-01
          20   4.00000E-02   1.41679E-03  -2.54572E-03  -3.54815E-01
          21   4.20000E-02   1.40910E-03  -3.63231E-03  -3.52925E-01
          22   4.40000E-02   1.39942E-03  -4.15344E-03  -3.50458E-01
          23   4.60000E-02   1.38870E-03  -4.37719E-03  -3.47779E-01
          24   4.80000E-02   1.37811E-03  -4.31442E-03  -3.44988E-01
          25   5.00000E-02   1.36766E-03  -4.15760E-03  -3.42371E-01
          26   5.20000E-02   1.35682E-03  -3.85099E-03  -3.39835E-01
          27   5.40000E-02   1.34781E-03  -3.43714E-03  -3.37279E-01
          28   5.60000E-02   1.33999E-03  -3.35853E-03  -3.35233E-01
          29   5.80000E-02   1.33175E-03  -3.19013E-03  -3.33317E-01
          30   6.00000E-02   1.32452E-03  -2.76945E-03  -3.31343E-01
          31   6.20000E-02   1.31802E-03  -2.57396E-03  -3.29744E-01
          32   6.40000E-02   1.31181E-03  -2.23018E-03  -3.28218E-01
          33   6.60000E-02   1.30707E-03  -1.88221E-03  -3.26837E-01
          34   6.80000E-02   1.30279E-03  -1.67842E-03  -3.25826E-01
          35   7.00000E-02   1.29934E-03  -1.29214E-03  -3.24858E-01
          36   7.20000E-02   1.29698E-03  -9.57060E-04  -3.24190E-01
          37   7.40000E-02   1.29564E-03  -7.20769E-04  -3.23766E-01
          38   7.60000E-02   1.29558E-03  -5.03401E-04  -3.23549E-01
          39   7.80000E-02   1.29619E-03  -3.87165E-04  -3.23643E-01
          40   8.00000E-02   1.29741E-03  -2.19790E-04  -3.23854E-01
          41   8.20000E-02   1.29886E-03   3.74620E-05  -3.24243E-01
          42   8.40000E-02   1.30128E-03   2.54873E-04  -3.24733E-01
          43   8.60000E-02   1.30459E-03   4.18007E-04  -3.25448E-01
          44   8.80000E-02   1.30891E-03   4.37351E-04  -3.26357E-01
          45   9.00000E-02   1.31391E-03   3.54730E-04  -3.27446E-01
          46   9.20000E-02   1.31911E-03   2.90912E-04  -3.28656E-01
          47   9.40000E-02   1.32488E-03   5.00928E-04  -3.29923E-01
          48   9.58154E-02   1.33087E-03   5.63516E-04  -3.31470E-01
          49   9.76033E-02   1.33711E-03   3.29067E-04  -3.32999E-01
          50   9.92344E-02   1.34269E-03  -1.66954E-04  -3.34443E-01
          51   1.00910E-01   1.34749E-03  -5.24918E-04  -3.35589E-01
          52   1.02587E-01   1.35201E-03  -1.16094E-03  -3.36609E-01
          53   1.04385E-01   1.35613E-03  -1.80925E-03  -3.37423E-01
          54   1.06008E-01   1.36004E-03  -2.84690E-03  -3.38129E-01
          55   1.07733E-01   1.36365E-03  -4.01628E-03  -3.38587E-01
          56   1.09440E-01   1.36641E-03  -5.27182E-03  -3.38904E-01
          57   1.11197E-01   1.36792E-03  -6.65346E-03  -3.38967E-01
          58   1.13059E-01   1.36779E-03  -9.15688E-03  -3.38653E-01
          59   1.15017E-01   1.36284E-03  -1.14099E-02  -3.37369E-01
          60   1.17005E-01   1.35497E-03  -1.37959E-02  -3.35006E-01
          61   1.19001E-01   1.34277E-03  -1.62046E-02  -3.31845E-01
          62   1.21000E-01   1.32676E-03  -1.79196E-02  -3.27589E-01
          63   1.23000E-01   1.30767E-03  -1.90010E-02  -3.22731E-01
          64   1.24999E-01   1.28688E-03  -1.94794E-02  -3.17418E-01
          65   1.26999E-01   1.26579E-03  -1.92214E-02  -3.11982E-01
          66   1.28999E-01   1.24579E-03  -1.83893E-02  -3.06836E-01
          67   1.30999E-01   1.22778E-03  -1.74494E-02  -3.02252E-01
          68   1.32999E-01   1.21082E-03  -1.69562E-02  -2.98219E-01
          69   1.34999E-01   1.19444E-03  -1.62082E-02  -2.94227E-01
          70   1.36999E-01   1.17896E-03  -1.53945E-02  -2.90505E-01
          71   1.38999E-01   1.16572E-03  -1.47151E-02  -2.87043E-01
          72   1.40999E-01   1.15327E-03  -1.42202E-02  -2.84072E-01
          73   1.42999E-01   1.14128E-03  -1.27898E-02  -2.81206E-01
          74   1.44999E-01   1.13296E-03  -1.10407E-02  -2.78924E-01
          75   1.46999E-01   1.12662E-03  -9.90014E-03  -2.77720E-01
          76   1.48999E-01   1.12232E-03  -8.59937E-03  -2.76705E-01
          77   1.50999E-01   1.12117E-03  -7.96071E-03  -2.76281E-01
          78   1.52999E-01   1.12179E-03  -7.63464E-03  -2.76313E-01
          79   1.54999E-01   1.12355E-03  -7.71983E-03  -2.76630E-01
          80   1.56999E-01   1.12627E-03  -7.91149E-03  -2.77029E-01
          81   1.58999E-01   1.12952E-03  -8.21229E-03  -2.77611E-01
          82   1.60999E-01   1.13391E-03  -8.17365E-03  -2.78273E-01
          83   1.62999E-01   1.14069E-03  -8.41750E-03  -2.79392E-01
          84   1.64999E-01   1.14907E-03  -9.75661E-03  -2.80964E-01
          85   1.66999E-01   1.15670E-03  -1.14297E-02  -2.82389E-01
          86   1.68999E-01   1.16098E-03  -1.31070E-02  -2.83460E-01
          87   1.70999E-01   1.16112E-03  -1.39367E-02  -2.83691E-01
          88   1.72999E-01   1.15993E-03  -1.38749E-02  -2.83311E-01
          89   1.74999E-01   1.15931E-03  -1.38546E-02  -2.83044E-01
          90   1.76999E-01   1.16033E-03  -1.35607E-02  -2.82900E-01
          91   1.78999E-01   1.16405E-03  -1.37388E-02  -2.83303E-01
          92   1.80999E-01   1.16822E-03  -1.43456E-02  -2.84144E-01
          93   1.82999E-01   1.17212E-03  -1.49593E-02  -2.84883E-01
          94   1.84999E-01   1.17689E-03  -1.56281E-02  -2.85551E-01
          95   1.86999E-01   1.18166E-03  -1.63131E-02  -2.86408E-01
          96   1.88999E-01   1.18486E-03  -1.63500E-02  -2.87258E-01
          97   1.90999E-01   1.18801E-03  -1.59640E-02  -2.88040E-01
          98   1.92999E-01   1.19153E-03  -1.56847E-02  -2.89020E-01
          99   1.94999E-01   1.19554E-03  -1.53363E-02  -2.90039E-01
         100   1.96999E-01   1.20074E-03  -1.50868E-02  -2.91218E-01
         101   1.98999E-01   1.20772E-03  -1.52760E-02  -2.92643E-01
         102   2.00999E-01   1.21512E-03  -1.58756E-02  -2.94291E-01
         103   2.02999E-01   1.22248E-03  -1.61618E-02  -2.95842E-01
         104   2.04999E-01   1.22943E-03  -1.68369E-02  -2.97539E-01
         105   2.06999E-01   1.23742E-03  -1.73394E-02  -2.98939E-01
         106   2.08999E-01   1.24558E-03  -1.80510E-02  -3.00686E-01
         107   2.10999E-01   1.25285E-03  -1.87298E-02  -3.02369E-01
         108   2.12999E-01   1.26094E-03  -1.89642E-02  -3.03848E-01
         109   2.14999E-01   1.27026E-03  -1.97352E-02  -3.05754E-01
         110   2.16999E-01   1.27901E-03  -2.08246E-02  -3.07697E-01
         111   2.18999E-01   1.28575E-03  -2.15090E-02  -3.09339E-01
         112   2.20999E-01   1.29099E-03  -2.17867E-02  -3.10682E-01
         113   2.22999E-01   1.29655E-03  -2.18209E-02  -3.11853E-01
         114   2.24999E-01   1.30321E-03  -2.23589E-02  -3.13227E-01
         115   2.26999E-01   1.30937E-03  -2.31201E-02  -3.14624E-01
         116   2.28999E-01   1.31372E-03  -2.39201E-02  -3.15784E-01
         117   2.30999E-01   1.31487E-03  -2.46446E-02  -3.16470E-01
         118   2.32999E-01   1.31276E-03  -2.47468E-02  -3.16395E-01
         119   2.34999E-01   1.30804E-03  -2.44238E-02  -3.15816E-01
         120   2.36999E-01   1.30257E-03  -2.33731E-02  -3.14797E-01
         121   2.38999E-01   1.29737E-03  -2.24222E-02  -3.13955E-01
         122   2.40999E-01   1.29489E-03  -2.17237E-02  -3.13132E-01
         123   2.42999E-01   1.29400E-03  -2.18261E-02  -3.12860E-01
         124   2.44999E-01   1.29391E-03  -2.17943E-02  -3.12587E-01
         125   2.46999E-01   1.29403E-03  -2.19368E-02  -3.12579E-01
         126   2.48999E-01   1.29359E-03  -2.20168E-02  -3.12539E-01
         127   2.50999E-01   1.29305E-03  -2.19972E-02  -3.12389E-01
         128   2.52999E-01   1.29341E-03  -2.19277E-02  -3.12264E-01
         129   2.54999E-01   1.29448E-03  -2.20868E-02  -3.12389E-01
         130   2.56999E-01   1.29434E-03  -2.23368E-02  -3.12577E-01
         131   2.58999E-01   1.29380E-03  -2.21851E-02  -3.12416E-01
         132   2.60999E-01   1.29266E-03  -2.20991E-02  -3.12356E-01
         133   2.62999E-01   1.29219E-03  -2.14738E-02  -3.12116E-01
         134   2.64999E-01   1.29189E-03  -2.12341E-02  -3.12310E-01
         135   2.66999E-01   1.29320E-03  -2.08230E-02  -3.12357E-01
         136   2.68999E-01   1.29647E-03  -2.10357E-02  -3.12888E-01
         137   2.70999E-01   1.29958E-03  -2.14685E-02  -3.13599E-01
         138   2.72999E-01   1.30150E-03  -2.15724E-02  -3.14161E-01
         139   2.74999E-01   1.30270E-03  -2.17862E-02  -3.14589E-01
         140   2.76999E-01   1.30314E-03  -2.18769E-02  -3.14782E-01
         141   2.78999E-01   1.30275E-03  -2.17654E-02  -3.14846E-01
         142   2.80999E-01   1.30296E-03  -2.16056E-02  -3.14804E-01
         143   2.82999E-01   1.30337E-03  -2.18095E-02  -3.14937E-01
         144   2.84999E-01   1.30321E-03  -2.19631E-02  -3.14937E-01
         145   2.86999E-01   1.30290E-03  -2.19211E-02  -3.14821E-01
         146   2.88999E-01   1.30208E-03  -2.19618E-02  -3.14763E-01
         147   2.90999E-01   1.30032E-03  -2.18855E-02  -3.14540E-01
         148   2.92999E-01   1.29802E-03  -2.16082E-02  -3.14138E-01
         149   2.94999E-01   1.29544E-03  -2.12489E-02  -3.13700E-01
         150   2.96999E-01   1.29267E-03  -2.08344E-02  -3.13235E-01
         151   2.98999E-01   1.29020E-03  -2.02655E-02  -3.12750E-01
         152   3.00999E-01   1.28916E-03  -1.97800E-02  -3.12417E-01
         153   3.02999E-01   1.28936E-03  -1.94826E-02  -3.12399E-01
         154   3.04999E-01   1.29036E-03  -1.92899E-02  -3.12598E-01
         155   3.06999E-01   1.29175E-03  -1.90497E-02  -3.12946E-01
         156   3.08999E-01   1.29317E-03  -1.89472E-02  -3.13411E-01
         157   3.10999E-01   1.29515E-03  -1.87876E-02  -3.13819E-01
         158   3.12999E-01   1.29749E-03  -1.85926E-02  -3.14393E-01
         159   3.14999E-01   1.29952E-03  -1.85224E-02  -3.15075E-01
         160   3.16999E-01   1.30201E-03  -1.82577E-02  -3.15619E-01
         161   3.18999E-01   1.30399E-03  -1.83216E-02  -3.16373E-01
         162   3.20999E-01   1.30551E-03  -1.80974E-02  -3.16836E-01
         163   3.22999E-01   1.30779E-03  -1.79075E-02  -3.17329E-01
         164   3.24999E-01   1.31012E-03  -1.76732E-02  -3.17994E-01
         165   3.26999E-01   1.31215E-03  -1.75879E-02  -3.18694E-01
         166   3.28999E-01   1.31343E-03  -1.73409E-02  -3.19244E-01
         167   3.30999E-01   1.31448E-03  -1.70657E-02  -3.19687E-01
         168   3.32999E-01   1.31609E-03  -1.68364E-02  -3.20087E-01
         169   3.34999E-01   1.31723E-03  -1.67210E-02  -3.20605E-01
         170   3.36999E-01   1.31867E-03  -1.64350E-02  -3.20948E-01
         171   3.38999E-01   1.32121E-03  -1.62621E-02  -3.21450E-01
         172   3.40999E-01   1.32399E-03  -1.63253E-02  -3.22171E-01
         173   3.42999E-01   1.32555E-03  -1.63601E-02  -3.22834E-01
         174   3.44999E-01   1.32560E-03  -1.62591E-02  -3.23207E-01
         175   3.46999E-01   1.32449E-03  -1.59638E-02  -3.23272E-01
         176   3.48999E-01   1.32332E-03  -1.54639E-02  -3.23141E-01
         177   3.50999E-01   1.32357E-03  -1.53053E-02  -3.23099E-01
         178   3.52999E-01   1.32429E-03  -1.55227E-02  -3.23240E-01
         179   3.54999E-01   1.32425E-03  -1.57297E-02  -3.23310E-01
         180   3.56999E-01   1.32363E-03  -1.58718E-02  -3.23197E-01
         181   3.58999E-01   1.32149E-03  -1.57865E-02  -3.22972E-01
         182   3.60999E-01   1.31941E-03  -1.54747E-02  -3.22480E-01
         183   3.62999E-01   1.31667E-03  -1.54266E-02  -3.22116E-01
         184   3.64999E-01   1.31408E-03  -1.50763E-02  -3.21453E-01
         185   3.66999E-01   1.31236E-03  -1.49422E-02  -3.20983E-01
         186   3.68999E-01   1.31098E-03  -1.50326E-02  -3.20619E-01
         187   3.70999E-01   1.31087E-03  -1.51727E-02  -3.20228E-01
         188   3.72999E-01   1.31036E-03  -1.57938E-02  -3.20131E-01
         189   3.74999E-01   1.30913E-03  -1.60308E-02  -3.19693E-01
         190   3.76999E-01   1.30749E-03  -1.65761E-02  -3.19267E-01
         191   3.78999E-01   1.30469E-03  -1.70164E-02  -3.18583E-01
         192   3.80999E-01   1.30166E-03  -1.72797E-02  -3.17663E-01
         193   3.82999E-01   1.29969E-03  -1.75142E-02  -3.16776E-01
         194   3.84999E-01   1.29715E-03  -1.79678E-02  -3.16165E-01
         195   3.86999E-01   1.29531E-03  -1.82501E-02  -3.15303E-01
         196   3.88999E-01   1.29172E-03  -1.90365E-02  -3.14703E-01
         197   3.90999E-01   1.28687E-03  -1.90830E-02  -3.13411E-01
         198   3.92999E-01   1.28155E-03  -1.92354E-02  -3.12177E-01
         199   3.94999E-01   1.27669E-03  -1.92594E-02  -3.10770E-01
         200   3.96999E-01   1.27132E-03  -1.95321E-02  -3.09542E-01
         201   3.98999E-01   1.26349E-03  -1.94210E-02  -3.08064E-01
         202   4.00999E-01   1.25580E-03  -1.88333E-02  -3.06162E-01
         203   4.02999E-01   1.24845E-03  -1.86085E-02  -3.04534E-01
         204   4.04999E-01   1.24209E-03  -1.81077E-02  -3.02808E-01
         205   4.06999E-01   1.23649E-03  -1.78977E-02  -3.01469E-01
         206   4.08999E-01   1.23155E-03  -1.74757E-02  -3.00175E-01
         207   4.10999E-01   1.22742E-03  -1.72444E-02  -2.99149E-01
         208   4.12999E-01   1.22463E-03  -1.71452E-02  -2.98233E-01
         209   4.14999E-01   1.22205E-03  -1.73563E-02  -2.97584E-01
         210   4.16999E-01   1.21875E-03  -1.74899E-02  -2.96833E-01
         211   4.18999E-01   1.21617E-03  -1.73872E-02  -2.95943E-01
         212   4.20999E-01   1.21387E-03  -1.75144E-02  -2.95348E-01
         213   4.22999E-01   1.21297E-03  -1.76583E-02  -2.94711E-01
         214   4.24999E-01   1.21333E-03  -1.83456E-02  -2.94412E-01
         215   4.26999E-01   1.21257E-03  -1.90964E-02  -2.94160E-01
         216   4.28999E-01   1.21066E-03  -1.96141E-02  -2.93593E-01
         217   4.30999E-01   1.20611E-03  -1.98382E-02  -2.92859E-01
         218   4.32999E-01   1.19894E-03  -1.92348E-02  -2.91609E-01
         219   4.34999E-01   1.19143E-03  -1.82449E-02  -2.90117E-01
         220   4.36999E-01   1.18522E-03  -1.71708E-02  -2.88734E-01
         221   4.38999E-01   1.18140E-03  -1.66655E-02  -2.87720E-01
         222   4.40999E-01   1.17906E-03  -1.65857E-02  -2.87016E-01
         223   4.42999E-01   1.17685E-03  -1.66198E-02  -2.86472E-01
         224   4.44999E-01   1.17408E-03  -1.66561E-02  -2.85902E-01
         225   4.46999E-01   1.17034E-03  -1.65477E-02  -2.85193E-01
         226   4.48999E-01   1.16826E-03  -1.61335E-02  -2.84312E-01
         227   4.50999E-01   1.16709E-03  -1.62040E-02  -2.83999E-01
         228   4.52999E-01   1.16591E-03  -1.60751E-02  -2.83671E-01
         229   4.54999E-01   1.16523E-03  -1.61014E-02  -2.83440E-01
         230   4.56999E-01   1.16583E-03  -1.62405E-02  -2.83258E-01
         231   4.58999E-01   1.16641E-03  -1.66421E-02  -2.83337E-01
         232   4.60999E-01   1.16632E-03  -1.69335E-02  -2.83282E-01
         233   4.62999E-01   1.16555E-03  -1.72490E-02  -2.83113E-01
         234   4.64999E-01   1.16440E-03  -1.74673E-02  -2.82762E-01
         235   4.66999E-01   1.16216E-03  -1.78003E-02  -2.82366E-01
         236   4.68999E-01   1.15734E-03  -1.78259E-02  -2.81641E-01
         237   4.70999E-01   1.15207E-03  -1.73412E-02  -2.80422E-01
         238   4.72999E-01   1.14776E-03  -1.68747E-02  -2.79347E-01
         239   4.74999E-01   1.14370E-03  -1.66569E-02  -2.78504E-01
         240   4.76999E-01   1.14009E-03  -1.64320E-02  -2.77598E-01
         241   4.78999E-01   1.13819E-03  -1.64228E-02  -2.76806E-01
         242   4.80999E-01   1.13694E-03  -1.67435E-02  -2.76337E-01
         243   4.82999E-01   1.13576E-03  -1.70200E-02  -2.75863E-01
         244   4.84999E-01   1.13364E-03  -1.72339E-02  -2.75430E-01
         245   4.86999E-01   1.13169E-03  -1.69147E-02  -2.74793E-01
         246   4.88999E-01   1.13052E-03  -1.67851E-02  -2.74466E-01
         247   4.90999E-01   1.13003E-03  -1.67008E-02  -2.74238E-01
         248   4.92999E-01   1.13089E-03  -1.67453E-02  -2.74157E-01
         249   4.94999E-01   1.13172E-03  -1.70794E-02  -2.74349E-01
         250   4.96999E-01   1.13208E-03  -1.73196E-02  -2.74389E-01
         251   4.98999E-01   1.13191E-03  -1.78424E-02  -2.74360E-01
         252   5.00999E-01   1.12968E-03  -1.81700E-02  -2.74057E-01
         253   5.02999E-01   1.12832E-03  -1.80060E-02  -2.73336E-01
         254   5.04999E-01   1.12671E-03  -1.82459E-02  -2.73077E-01
         255   5.06999E-01   1.12407E-03  -1.82390E-02  -2.72554E-01
         256   5.08999E-01   1.12125E-03  -1.83065E-02  -2.71898E-01
         257   5.10999E-01   1.11800E-03  -1.83259E-02  -2.71159E-01
         258   5.12999E-01   1.11494E-03  -1.82465E-02  -2.70338E-01
         259   5.14999E-01   1.11269E-03  -1.81832E-02  -2.69611E-01
         260   5.16999E-01   1.11227E-03  -1.83961E-02  -2.69080E-01
         261   5.18999E-01   1.11104E-03  -1.88132E-02  -2.68870E-01
         262   5.20999E-01   1.10843E-03  -1.88767E-02  -2.68354E-01
         263   5.22999E-01   1.10608E-03  -1.85937E-02  -2.67668E-01
         264   5.24999E-01   1.10379E-03  -1.83909E-02  -2.67222E-01
         265   5.26999E-01   1.10037E-03  -1.78927E-02  -2.66752E-01
         266   5.28999E-01   1.09773E-03  -1.72477E-02  -2.66147E-01
         267   5.30999E-01   1.09647E-03  -1.69545E-02  -2.65807E-01
         268   5.32999E-01   1.09696E-03  -1.68927E-02  -2.65640E-01
         269   5.34999E-01   1.09838E-03  -1.70883E-02  -2.65794E-01
         270   5.36999E-01   1.09885E-03  -1.73158E-02  -2.66051E-01
         271   5.38999E-01   1.09944E-03  -1.72669E-02  -2.66054E-01
         272   5.40999E-01   1.10013E-03  -1.73929E-02  -2.66228E-01
         273   5.42999E-01   1.10043E-03  -1.75867E-02  -2.66336E-01
         274   5.44999E-01   1.10076E-03  -1.77693E-02  -2.66313E-01
         275   5.46999E-01   1.10053E-03  -1.83709E-02  -2.66305E-01
         276   5.48999E-01   1.09965E-03  -1.88984E-02  -2.65946E-01
         277   5.50999E-01   1.09779E-03  -1.93500E-02  -2.65463E-01
         278   5.52999E-01   1.09471E-03  -1.96367E-02  -2.64774E-01
         279   5.54999E-01   1.09149E-03  -1.96373E-02  -2.63859E-01
         280   5.56999E-01   1.08784E-03  -1.96130E-02  -2.63055E-01
         281   5.58999E-01   1.08505E-03  -1.93387E-02  -2.62152E-01
         282   5.60999E-01   1.08406E-03  -1.90083E-02  -2.61593E-01
         283   5.62999E-01   1.08437E-03  -1.90062E-02  -2.61510E-01
         284   5.64999E-01   1.08316E-03  -1.90347E-02  -2.61589E-01
         285   5.66999E-01   1.08234E-03  -1.84812E-02  -2.61273E-01
         286   5.68999E-01   1.08292E-03  -1.82614E-02  -2.61345E-01
         287   5.70999E-01   1.08417E-03  -1.83501E-02  -2.61599E-01
         288   5.72999E-01   1.08470E-03  -1.85340E-02  -2.61866E-01
         289   5.74999E-01   1.08552E-03  -1.82416E-02  -2.61908E-01
         290   5.76999E-01   1.08729E-03  -1.80496E-02  -2.62258E-01
         291   5.78999E-01   1.08939E-03  -1.79876E-02  -2.62798E-01
         292   5.80999E-01   1.09218E-03  -1.79468E-02  -2.63355E-01
         293   5.82999E-01   1.09502E-03  -1.79991E-02  -2.64073E-01
         294   5.84999E-01   1.09811E-03  -1.80943E-02  -2.64756E-01
         295   5.86999E-01   1.10115E-03  -1.83033E-02  -2.65481E-01
         296   5.88999E-01   1.10420E-03  -1.85057E-02  -2.66136E-01
         297   5.90999E-01   1.10593E-03  -1.87777E-02  -2.66797E-01
         298   5.92999E-01   1.10732E-03  -1.86807E-02  -2.67094E-01
         299   5.94999E-01   1.10868E-03  -1.85349E-02  -2.67490E-01
         300   5.96999E-01   1.11018E-03  -1.84785E-02  -2.67904E-01
         301   5.98999E-01   1.11164E-03  -1.85780E-02  -2.68306E-01
         302   6.00999E-01   1.11199E-03  -1.85958E-02  -2.68622E-01
         303   6.02999E-01   1.11241E-03  -1.82604E-02  -2.68698E-01
         304   6.04999E-01   1.11339E-03  -1.79520E-02  -2.68971E-01
         305   6.06999E-01   1.11303E-03  -1.77873E-02  -2.69372E-01
         306   6.08999E-01   1.11375E-03  -1.71332E-02  -2.69365E-01
         307   6.10999E-01   1.11481E-03  -1.69312E-02  -2.69871E-01
         308   6.12999E-01   1.11606E-03  -1.66085E-02  -2.70237E-01
         309   6.14999E-01   1.11868E-03  -1.64764E-02  -2.70712E-01
         310   6.16999E-01   1.12293E-03  -1.67065E-02  -2.71433E-01
         311   6.18999E-01   1.12697E-03  -1.72453E-02  -2.72379E-01
         312   6.20999E-01   1.13047E-03  -1.74624E-02  -2.73120E-01
         313   6.22999E-01   1.13279E-03  -1.78607E-02  -2.73885E-01
         314   6.24999E-01   1.13326E-03  -1.78070E-02  -2.74268E-01
         315   6.26999E-01   1.13348E-03  -1.75990E-02  -2.74411E-01
         316   6.28999E-01   1.13528E-03  -1.73290E-02  -2.74571E-01
         317   6.30999E-01   1.13807E-03  -1.76141E-02  -2.75155E-01
         318   6.32999E-01   1.13956E-03  -1.78379E-02  -2.75711E-01
         319   6.34999E-01   1.14121E-03  -1.76149E-02  -2.75971E-01
         320   6.36999E-01   1.14154E-03  -1.76121E-02  -2.76495E-01
         321   6.38999E-01   1.14243E-03  -1.68596E-02  -2.76580E-01
         322   6.40999E-01   1.14652E-03  -1.67046E-02  -2.77179E-01
         323   6.42999E-01   1.15125E-03  -1.70761E-02  -2.78277E-01
         324   6.44999E-01   1.15437E-03  -1.74444E-02  -2.79274E-01
         325   6.46999E-01   1.15484E-03  -1.72318E-02  -2.79870E-01
         326   6.48999E-01   1.15830E-03  -1.65602E-02  -2.80095E-01
         327   6.50999E-01   1.16350E-03  -1.69165E-02  -2.81296E-01
         328   6.52999E-01   1.16887E-03  -1.70711E-02  -2.82417E-01
         329   6.54999E-01   1.17484E-03  -1.74045E-02  -2.83681E-01
         330   6.56999E-01   1.17807E-03  -1.78965E-02  -2.85008E-01
         331   6.58999E-01   1.18174E-03  -1.79635E-02  -2.85569E-01
         332   6.60999E-01   1.18460E-03  -1.82879E-02  -2.86453E-01
         333   6.62999E-01   1.18792E-03  -1.85226E-02  -2.87007E-01
         334   6.64999E-01   1.19218E-03  -1.91059E-02  -2.87720E-01
         335   6.66999E-01   1.19585E-03  -1.98367E-02  -2.88491E-01
         336   6.68999E-01   1.19683E-03  -2.04540E-02  -2.89044E-01
         337   6.70999E-01   1.19612E-03  -2.03962E-02  -2.88981E-01
         338   6.72999E-01   1.19575E-03  -2.02225E-02  -2.88831E-01
         339   6.74999E-01   1.19670E-03  -1.99419E-02  -2.88826E-01
         340   6.76999E-01   1.19868E-03  -2.01840E-02  -2.89204E-01
         341   6.78999E-01   1.20016E-03  -2.03754E-02  -2.89578E-01
         342   6.80999E-01   1.20022E-03  -2.05239E-02  -2.89853E-01
         343   6.82999E-01   1.20157E-03  -2.02791E-02  -2.89793E-01
         344   6.84999E-01   1.20330E-03  -2.05121E-02  -2.90252E-01
         345   6.86999E-01   1.20482E-03  -2.04850E-02  -2.90568E-01
         346   6.88999E-01   1.20681E-03  -2.05221E-02  -2.90964E-01
         347   6.90999E-01   1.20971E-03  -2.04960E-02  -2.91442E-01
         348   6.92999E-01   1.21194E-03  -2.07960E-02  -2.92179E-01
         349   6.94999E-01   1.21357E-03  -2.08717E-02  -2.92587E-01
         350   6.96999E-01   1.21394E-03  -2.09375E-02  -2.92957E-01
         351   6.98999E-01   1.21358E-03  -2.08093E-02  -2.93017E-01
         352   7.00999E-01   1.21464E-03  -2.06402E-02  -2.92990E-01
         353   7.02999E-01   1.21715E-03  -2.08009E-02  -2.93340E-01
         354   7.04999E-01   1.21858E-03  -2.11669E-02  -2.93886E-01
         355   7.06999E-01   1.21931E-03  -2.11154E-02  -2.94060E-01
         356   7.08999E-01   1.21954E-03  -2.07976E-02  -2.94269E-01
         357   7.10999E-01   1.21885E-03  -2.04308E-02  -2.94486E-01
         358   7.12999E-01   1.21923E-03  -1.98507E-02  -2.94497E-01
         359   7.14999E-01   1.22051E-03  -1.97735E-02  -2.94883E-01
         360   7.16999E-01   1.22275E-03  -1.95399E-02  -2.95241E-01
         361   7.18999E-01   1.22514E-03  -1.95963E-02  -2.95916E-01
         362   7.20999E-01   1.22761E-03  -1.93240E-02  -2.96486E-01
         363   7.22999E-01   1.23191E-03  -1.92198E-02  -2.97241E-01
         364   7.24999E-01   1.23635E-03  -1.94001E-02  -2.98367E-01
         365   7.26999E-01   1.24222E-03  -1.95712E-02  -2.99387E-01
         366   7.28999E-01   1.24751E-03  -2.02922E-02  -3.00769E-01
         367   7.30999E-01   1.24991E-03  -2.05363E-02  -3.01732E-01
         368   7.32999E-01   1.25203E-03  -2.03581E-02  -3.02208E-01
         369   7.34999E-01   1.25498E-03  -2.02729E-02  -3.02830E-01
         370   7.36999E-01   1.25691E-03  -2.03357E-02  -3.03607E-01
         371   7.38999E-01   1.26066E-03  -1.98551E-02  -3.04060E-01
         372   7.40999E-01   1.26634E-03  -2.03331E-02  -3.05237E-01
         373   7.42999E-01   1.26988E-03  -2.08498E-02  -3.06418E-01
         374   7.44999E-01   1.27308E-03  -2.09289E-02  -3.07044E-01
         375   7.46999E-01   1.27652E-03  -2.09497E-02  -3.07806E-01
         376   7.48999E-01   1.27991E-03  -2.11417E-02  -3.08654E-01
         377   7.50999E-01   1.28245E-03  -2.12111E-02  -3.09406E-01
         378   7.52999E-01   1.28363E-03  -2.14012E-02  -3.10007E-01
         379   7.54999E-01   1.28500E-03  -2.10717E-02  -3.10206E-01
         380   7.56999E-01   1.28716E-03  -2.11644E-02  -3.10714E-01
         381   7.58999E-01   1.28955E-03  -2.11896E-02  -3.11207E-01
         382   7.60999E-01   1.29274E-03  -2.13998E-02  -3.11792E-01
         383   7.62999E-01   1.29352E-03  -2.18497E-02  -3.12485E-01
         384   7.64999E-01   1.29492E-03  -2.14713E-02  -3.12455E-01
         385   7.66999E-01   1.29663E-03  -2.14544E-02  -3.12994E-01
         386   7.68999E-01   1.29842E-03  -2.12336E-02  -3.13430E-01
         387   7.70999E-01   1.30013E-03  -2.13052E-02  -3.13988E-01
         388   7.72999E-01   1.30234E-03  -2.13423E-02  -3.14379E-01
         389   7.74999E-01   1.30495E-03  -2.16511E-02  -3.14915E-01
         390   7.76999E-01   1.30471E-03  -2.19025E-02  -3.15412E-01
         391   7.78999E-01   1.30511E-03  -2.14926E-02  -3.15227E-01
         392   7.80999E-01   1.30769E-03  -2.16758E-02  -3.15531E-01
         393   7.82999E-01   1.30970E-03  -2.21220E-02  -3.16085E-01
         394   7.84999E-01   1.30962E-03  -2.22566E-02  -3.16363E-01
         395   7.86999E-01   1.30823E-03  -2.19432E-02  -3.16278E-01
         396   7.88999E-01   1.30801E-03  -2.12927E-02  -3.16086E-01
         397   7.90999E-01   1.30831E-03  -2.09362E-02  -3.16355E-01
         398   7.92999E-01   1.30968E-03  -2.04779E-02  -3.16610E-01
         399   7.94999E-01   1.31323E-03  -2.05357E-02  -3.17180E-01
         400   7.96999E-01   1.31713E-03  -2.07209E-02  -3.18039E-01
         401   7.98999E-01   1.32026E-03  -2.05734E-02  -3.18921E-01
         402   8.00857E-01   1.32307E-03  -2.06739E-02  -3.19778E-01
         403   8.02671E-01   1.32548E-03  -2.04773E-02  -3.20430E-01
         404   8.04461E-01   1.32885E-03  -2.03069E-02  -3.21132E-01
         405   8.06239E-01   1.33371E-03  -2.02424E-02  -3.22058E-01
         406   8.07761E-01   1.33652E-03  -2.05012E-02  -3.23305E-01
         407   8.09177E-01   1.33890E-03  -2.03273E-02  -3.23880E-01
         408   8.10837E-01   1.34303E-03  -2.03621E-02  -3.24560E-01
         409   8.12561E-01   1.34583E-03  -2.13250E-02  -3.25576E-01
         410   8.14300E-01   1.34622E-03  -2.14659E-02  -3.25795E-01
         411   8.16038E-01   1.35045E-03  -2.15271E-02  -3.25822E-01
         412   8.17767E-01   1.35484E-03  -2.29585E-02  -3.26850E-01
         413   8.19487E-01   1.35549E-03  -2.33957E-02  -3.27231E-01
         414   8.21201E-01   1.35382E-03  -2.32392E-02  -3.27176E-01
         415   8.22909E-01   1.35244E-03  -2.29046E-02  -3.26836E-01
         416   8.24611E-01   1.35972E-03  -2.28345E-02  -3.26659E-01
         417   8.26308E-01   1.35992E-03  -2.50076E-02  -3.28512E-01
         418   8.28001E-01   1.35837E-03  -2.39083E-02  -3.27476E-01
         419   8.29688E-01   1.35642E-03  -2.40621E-02  -3.27639E-01
         420   8.31367E-01   1.35561E-03  -2.32540E-02  -3.27074E-01
         421   8.33037E-01   1.35609E-03  -2.32908E-02  -3.27275E-01
         422   8.34701E-01   1.35446E-03  -2.31853E-02  -3.27376E-01
         423   8.36361E-01   1.35016E-03  -2.27467E-02  -3.27023E-01
         424   8.38023E-01   1.34725E-03  -2.19932E-02  -3.26166E-01
         425   8.39685E-01   1.34378E-03  -2.18118E-02  -3.25817E-01
         426   8.41350E-01   1.34225E-03  -2.12708E-02  -3.25040E-01
         427   8.43014E-01   1.33868E-03  -2.13275E-02  -3.24927E-01
         428   8.44680E-01   1.33409E-03  -2.07509E-02  -3.24006E-01
         429   8.46351E-01   1.33094E-03  -2.03785E-02  -3.23147E-01
         430   8.48026E-01   1.32736E-03  -2.02424E-02  -3.22545E-01
         431   8.49707E-01   1.32393E-03  -1.99438E-02  -3.21718E-01
         432   8.51395E-01   1.32073E-03  -1.96162E-02  -3.21010E-01
         433   8.53091E-01   1.31805E-03  -1.95001E-02  -3.20375E-01
         434   8.54791E-01   1.31545E-03  -1.95727E-02  -3.19763E-01
         435   8.56497E-01   1.31393E-03  -1.94994E-02  -3.19076E-01
         436   8.58206E-01   1.31210E-03  -1.95876E-02  -3.18734E-01
         437   8.59921E-01   1.31096E-03  -1.94828E-02  -3.18232E-01
         438   8.61641E-01   1.30911E-03  -1.96409E-02  -3.17999E-01
         439   8.63366E-01   1.31034E-03  -1.95679E-02  -3.17456E-01
         440   8.65094E-01   1.30968E-03  -2.02932E-02  -3.17800E-01
         441   8.66824E-01   1.31006E-03  -2.01417E-02  -3.17274E-01
         442   8.68550E-01   1.30811E-03  -2.06374E-02  -3.17445E-01
         443   8.70274E-01   1.30724E-03  -2.02354E-02  -3.16708E-01
         444   8.71993E-01   1.30499E-03  -2.05615E-02  -3.16692E-01
         445   8.73717E-01   1.30142E-03  -2.00824E-02  -3.15966E-01
         446   8.75442E-01   1.29749E-03  -1.96958E-02  -3.15314E-01
         447   8.77177E-01   1.29552E-03  -1.90977E-02  -3.14524E-01
         448   8.78933E-01   1.29264E-03  -1.90222E-02  -3.14331E-01
         449   8.80721E-01   1.29127E-03  -1.83465E-02  -3.13649E-01
         450   8.82539E-01   1.29089E-03  -1.83429E-02  -3.13644E-01
         451   8.84395E-01   1.29064E-03  -1.82641E-02  -3.13551E-01
         452   8.86352E-01   1.29047E-03  -1.81767E-02  -3.13528E-01
         453   8.88339E-01   1.29257E-03  -1.80982E-02  -3.13529E-01
         454   8.90335E-01   1.29299E-03  -1.87698E-02  -3.14092E-01
         455   8.92334E-01   1.29119E-03  -1.88536E-02  -3.13862E-01
         456   8.94333E-01   1.28885E-03  -1.89112E-02  -3.13371E-01
         457   8.96333E-01   1.28710E-03  -1.90645E-02  -3.12758E-01
         458   8.98332E-01   1.28490E-03  -1.93362E-02  -3.12242E-01
         459   9.00332E-01   1.28370E-03  -1.94787E-02  -3.11557E-01
         460   9.02331E-01   1.28025E-03  -1.99353E-02  -3.11185E-01
         461   9.04288E-01   1.27664E-03  -1.95795E-02  -3.10095E-01
         462   9.06084E-01   1.27350E-03  -1.96834E-02  -3.09371E-01
         463   9.07899E-01   1.26894E-03  -1.96745E-02  -3.08533E-01
         464   9.09748E-01   1.26474E-03  -1.92192E-02  -3.07398E-01
         465   9.11630E-01   1.26212E-03  -1.91025E-02  -3.06575E-01
         466   9.13549E-01   1.25724E-03  -1.92675E-02  -3.05978E-01
         467   9.15510E-01   1.25149E-03  -1.86941E-02  -3.04676E-01
         468   9.17498E-01   1.24666E-03  -1.80635E-02  -3.03525E-01
         469   9.19494E-01   1.24342E-03  -1.77442E-02  -3.02634E-01
         470   9.21493E-01   1.24240E-03  -1.73473E-02  -3.01983E-01
         471   9.23493E-01   1.24420E-03  -1.76302E-02  -3.01927E-01
         472   9.25493E-01   1.24550E-03  -1.80620E-02  -3.02235E-01
         473   9.27493E-01   1.24550E-03  -1.82657E-02  -3.02344E-01
         474   9.29493E-01   1.24526E-03  -1.80243E-02  -3.02241E-01
         475   9.31493E-01   1.24647E-03  -1.79615E-02  -3.02302E-01
         476   9.33493E-01   1.24817E-03  -1.80054E-02  -3.02638E-01
         477   9.35493E-01   1.25115E-03  -1.82259E-02  -3.03039E-01
         478   9.37493E-01   1.25247E-03  -1.85833E-02  -3.03673E-01
         479   9.39493E-01   1.25317E-03  -1.85511E-02  -3.03827E-01
         480   9.41493E-01   1.25373E-03  -1.87563E-02  -3.04018E-01
         481   9.43493E-01   1.25537E-03  -1.91474E-02  -3.04055E-01
         482   9.45493E-01   1.25723E-03  -1.98835E-02  -3.04269E-01
         483   9.47493E-01   1.25789E-03  -2.06290E-02  -3.04367E-01
         484   9.49493E-01   1.25676E-03  -2.12188E-02  -3.04158E-01
         485   9.51493E-01   1.25295E-03  -2.13949E-02  -3.03580E-01
         486   9.53493E-01   1.24791E-03  -2.10018E-02  -3.02539E-01
         487   9.55493E-01   1.24166E-03  -2.05757E-02  -3.01477E-01
         488   9.57493E-01   1.23915E-03  -1.97443E-02  -3.00127E-01
         489   9.59493E-01   1.23841E-03  -2.02016E-02  -2.99916E-01
         490   9.61493E-01   1.23632E-03  -2.04054E-02  -2.99502E-01
         491   9.63493E-01   1.23273E-03  -2.05014E-02  -2.98878E-01
         492   9.65493E-01   1.22981E-03  -2.01496E-02  -2.97932E-01
         493   9.67493E-01   1.22642E-03  -2.01912E-02  -2.97379E-01
         494   9.69493E-01   1.22498E-03  -1.99400E-02  -2.96509E-01
         495   9.71493E-01   1.22341E-03  -2.03676E-02  -2.96275E-01
         496   9.73493E-01   1.22051E-03  -2.04048E-02  -2.95667E-01
         497   9.75493E-01   1.21701E-03  -2.00616E-02  -2.94924E-01
         498   9.77493E-01   1.21427E-03  -1.97567E-02  -2.94223E-01
         499   9.79493E-01   1.21110E-03  -1.96411E-02  -2.93688E-01
         500   9.81493E-01   1.20624E-03  -1.93130E-02  -2.92955E-01
         501   9.83493E-01   1.20167E-03  -1.87016E-02  -2.91903E-01
         502   9.85493E-01   1.19964E-03  -1.82802E-02  -2.91068E-01
         503   9.87493E-01   1.20086E-03  -1.84617E-02  -2.90769E-01
         504   9.89493E-01   1.20050E-03  -1.89953E-02  -2.90985E-01
         505   9.91493E-01   1.19748E-03  -1.87700E-02  -2.90628E-01
         506   9.93493E-01   1.19705E-03  -1.82318E-02  -2.89985E-01
         507   9.95493E-01   1.19703E-03  -1.85718E-02  -2.90147E-01
         508   9.97493E-01   1.19774E-03  -1.85086E-02  -2.89971E-01
         509   9.99493E-01   1.19678E-03  -1.88319E-02  -2.90180E-01
         510   1.00149E+00   1.19508E-03  -1.87082E-02  -2.89780E-01
