    Timestep          Time             Y          Rise        Inflow
      number                    centroid      velocity      velocity
           1   2.00000E-03   2.13477E-18   3.43676E-02  -4.44743E-16
           2   4.00000E-03   6.94840E-05   4.50003E-02  -1.71838E-02
           3   6.00000E-03   1.60035E-04   4.52617E-02  -3.98711E-02
           4   8.00000E-03   2.50493E-04   4.14951E-02  -6.26397E-02
           5   1.00000E-02   3.32848E-04   3.66085E-02  -8.33708E-02
           6   1.20000E-02   4.04707E-04   3.15862E-02  -1.01516E-01
           7   1.40000E-02   4.65927E-04   2.65486E-02  -1.16970E-01
           8   1.60000E-02   5.16568E-04   2.26714E-02  -1.29756E-01
           9   1.80000E-02   5.59032E-04   1.96525E-02  -1.40478E-01
          10   2.00000E-02   5.95461E-04   1.67240E-02  -1.49584E-01
          11   2.20000E-02   6.25945E-04   1.41874E-02  -1.57227E-01
          12   2.40000E-02   6.51173E-04   1.22943E-02  -1.63580E-01
          13   2.60000E-02   6.72617E-04   1.07897E-02  -1.68940E-01
          14   2.80000E-02   6.91096E-04   9.46476E-03  -1.73549E-01
          15   3.00000E-02   7.06979E-04   8.31131E-03  -1.77506E-01
          16   3.20000E-02   7.20594E-04   7.38037E-03  -1.80900E-01
          17   3.40000E-02   7.32677E-04   6.58984E-03  -1.83839E-01
          18   3.60000E-02   7.43573E-04   5.83114E-03  -1.86464E-01
          19   3.80000E-02   7.53081E-04   4.80812E-03  -1.88809E-01
          20   4.00000E-02   7.60582E-04   3.70857E-03  -1.90674E-01
          21   4.20000E-02   7.65690E-04   2.86567E-03  -1.92000E-01
          22   4.40000E-02   7.69366E-04   2.62894E-03  -1.92855E-01
          23   4.60000E-02   7.72760E-04   2.41212E-03  -1.93656E-01
          24   4.80000E-02   7.75821E-04   1.90114E-03  -1.94396E-01
          25   5.00000E-02   7.78017E-04   1.65631E-03  -1.94906E-01
          26   5.20000E-02   7.79624E-04   1.43139E-03  -1.95332E-01
          27   5.40000E-02   7.80767E-04   1.31059E-03  -1.95622E-01
          28   5.60000E-02   7.81629E-04   1.07877E-03  -1.95847E-01
          29   5.80000E-02   7.82034E-04   8.36604E-04  -1.95947E-01
          30   6.00000E-02   7.81926E-04   7.01832E-04  -1.95927E-01
          31   6.20000E-02   7.81464E-04   5.96762E-04  -1.95832E-01
          32   6.40000E-02   7.80889E-04   6.14640E-04  -1.95664E-01
          33   6.60000E-02   7.80300E-04   5.57530E-04  -1.95530E-01
          34   6.80000E-02   7.79366E-04   6.02440E-04  -1.95354E-01
          35   7.00000E-02   7.78469E-04   6.93999E-04  -1.95143E-01
          36   7.20000E-02   7.77562E-04   7.88446E-04  -1.94964E-01
          37   7.40000E-02   7.76814E-04   6.34704E-04  -1.94785E-01
          38   7.60000E-02   7.75661E-04   4.31109E-04  -1.94521E-01
          39   7.80000E-02   7.73945E-04   3.77349E-04  -1.94131E-01
          40   8.00000E-02   7.71929E-04   4.69835E-04  -1.93675E-01
          41   8.20000E-02   7.70043E-04   5.76009E-04  -1.93217E-01
          42   8.40000E-02   7.68312E-04   6.15064E-04  -1.92799E-01
          43   8.60000E-02   7.66613E-04   6.62425E-04  -1.92385E-01
          44   8.80000E-02   7.65146E-04   6.49288E-04  -1.91984E-01
          45   9.00000E-02   7.63712E-04   7.19681E-04  -1.91611E-01
          46   9.20000E-02   7.62692E-04   6.14471E-04  -1.91288E-01
          47   9.40000E-02   7.61824E-04   6.42037E-04  -1.90980E-01
          48   9.60000E-02   7.61124E-04   7.00012E-04  -1.90777E-01
          49   9.80000E-02   7.60441E-04   7.74163E-04  -1.90631E-01
          50   1.00000E-01   7.59856E-04   8.97366E-04  -1.90497E-01
          51   1.02000E-01   7.59495E-04   9.53948E-04  -1.90413E-01
          52   1.04000E-01   7.59183E-04   9.28276E-04  -1.90351E-01
          53   1.06000E-01   7.58792E-04   9.71653E-04  -1.90260E-01
          54   1.08000E-01   7.58514E-04   9.52405E-04  -1.90184E-01
          55   1.10000E-01   7.58131E-04   1.04560E-03  -1.90105E-01
          56   1.12000E-01   7.57956E-04   1.09476E-03  -1.90056E-01
          57   1.14000E-01   7.57823E-04   1.06858E-03  -1.90036E-01
          58   1.16000E-01   7.57685E-04   1.07744E-03  -1.89990E-01
          59   1.18000E-01   7.57613E-04   1.07597E-03  -1.89960E-01
          60   1.20000E-01   7.57706E-04   1.06243E-03  -1.89941E-01
          61   1.22000E-01   7.58005E-04   9.77028E-04  -1.89958E-01
          62   1.24000E-01   7.58142E-04   8.58357E-04  -1.89990E-01
          63   1.26000E-01   7.58006E-04   8.04776E-04  -1.89965E-01
          64   1.28000E-01   7.57700E-04   8.38948E-04  -1.89904E-01
          65   1.30000E-01   7.57410E-04   8.79531E-04  -1.89845E-01
          66   1.32000E-01   7.57095E-04   9.47377E-04  -1.89792E-01
          67   1.34000E-01   7.56823E-04   1.04690E-03  -1.89748E-01
          68   1.36000E-01   7.56611E-04   1.14227E-03  -1.89729E-01
          69   1.38000E-01   7.56571E-04   1.20660E-03  -1.89724E-01
          70   1.40000E-01   7.56664E-04   1.26003E-03  -1.89746E-01
          71   1.42000E-01   7.56828E-04   1.24183E-03  -1.89796E-01
          72   1.44000E-01   7.57243E-04   1.20498E-03  -1.89828E-01
          73   1.46000E-01   7.57564E-04   1.12264E-03  -1.89913E-01
          74   1.48000E-01   7.57512E-04   1.06523E-03  -1.89952E-01
          75   1.50000E-01   7.57160E-04   1.02407E-03  -1.89911E-01
          76   1.52000E-01   7.56618E-04   1.00969E-03  -1.89802E-01
          77   1.54000E-01   7.55979E-04   9.91915E-04  -1.89659E-01
          78   1.56000E-01   7.55137E-04   9.50047E-04  -1.89491E-01
          79   1.58000E-01   7.54172E-04   1.06057E-03  -1.89259E-01
          80   1.60000E-01   7.53493E-04   1.02949E-03  -1.89073E-01
          81   1.62000E-01   7.52745E-04   1.10503E-03  -1.88888E-01
          82   1.64000E-01   7.52198E-04   1.16603E-03  -1.88739E-01
          83   1.66000E-01   7.51859E-04   1.22289E-03  -1.88633E-01
          84   1.68000E-01   7.51700E-04   1.22293E-03  -1.88576E-01
          85   1.70000E-01   7.51550E-04   1.25102E-03  -1.88537E-01
          86   1.72000E-01   7.51510E-04   1.25150E-03  -1.88513E-01
          87   1.74000E-01   7.51529E-04   1.25682E-03  -1.88503E-01
          88   1.76000E-01   7.51586E-04   1.28539E-03  -1.88511E-01
          89   1.78000E-01   7.51792E-04   1.30987E-03  -1.88539E-01
          90   1.80000E-01   7.52072E-04   1.36106E-03  -1.88603E-01
          91   1.82000E-01   7.52531E-04   1.39635E-03  -1.88698E-01
          92   1.84000E-01   7.53145E-04   1.42587E-03  -1.88831E-01
          93   1.86000E-01   7.53863E-04   1.40721E-03  -1.88999E-01
          94   1.88000E-01   7.54577E-04   1.44061E-03  -1.89169E-01
          95   1.90000E-01   7.55415E-04   1.41103E-03  -1.89365E-01
          96   1.92000E-01   7.56281E-04   1.37474E-03  -1.89559E-01
          97   1.94000E-01   7.57103E-04   1.30103E-03  -1.89758E-01
          98   1.96000E-01   7.57789E-04   1.22573E-03  -1.89926E-01
          99   1.98000E-01   7.58382E-04   1.17574E-03  -1.90060E-01
         100   2.00000E-01   7.58887E-04   1.16439E-03  -1.90183E-01
         101   2.02000E-01   7.59359E-04   1.14672E-03  -1.90304E-01
         102   2.04000E-01   7.59818E-04   1.07722E-03  -1.90413E-01
         103   2.06000E-01   7.60182E-04   9.98064E-04  -1.90493E-01
         104   2.08000E-01   7.60403E-04   9.45009E-04  -1.90545E-01
         105   2.10000E-01   7.60597E-04   9.17639E-04  -1.90573E-01
         106   2.12000E-01   7.60798E-04   9.02978E-04  -1.90608E-01
         107   2.14000E-01   7.61016E-04   8.77917E-04  -1.90651E-01
         108   2.16000E-01   7.61194E-04   9.14033E-04  -1.90693E-01
         109   2.18000E-01   7.61444E-04   9.19462E-04  -1.90756E-01
         110   2.20000E-01   7.61723E-04   8.87468E-04  -1.90821E-01
         111   2.22000E-01   7.61950E-04   9.02149E-04  -1.90874E-01
         112   2.24000E-01   7.62215E-04   8.86993E-04  -1.90939E-01
         113   2.26000E-01   7.62407E-04   8.86845E-04  -1.90997E-01
         114   2.28000E-01   7.62595E-04   8.57622E-04  -1.91045E-01
         115   2.30000E-01   7.62769E-04   8.23616E-04  -1.91078E-01
         116   2.32000E-01   7.62915E-04   8.04591E-04  -1.91104E-01
         117   2.34000E-01   7.63034E-04   7.32811E-04  -1.91131E-01
         118   2.36000E-01   7.62992E-04   6.23093E-04  -1.91125E-01
         119   2.38000E-01   7.62732E-04   6.29300E-04  -1.91059E-01
         120   2.40000E-01   7.62484E-04   5.78818E-04  -1.90998E-01
         121   2.42000E-01   7.62166E-04   5.09765E-04  -1.90911E-01
         122   2.44000E-01   7.61698E-04   4.58499E-04  -1.90796E-01
         123   2.46000E-01   7.61069E-04   5.02452E-04  -1.90654E-01
         124   2.48000E-01   7.60531E-04   5.22634E-04  -1.90519E-01
         125   2.50000E-01   7.59990E-04   5.60821E-04  -1.90394E-01
         126   2.52000E-01   7.59498E-04   5.82074E-04  -1.90278E-01
         127   2.54000E-01   7.59058E-04   6.24360E-04  -1.90166E-01
         128   2.56000E-01   7.58651E-04   6.25706E-04  -1.90077E-01
         129   2.58000E-01   7.58238E-04   6.54784E-04  -1.89975E-01
         130   2.60000E-01   7.57843E-04   6.91953E-04  -1.89887E-01
         131   2.62000E-01   7.57524E-04   7.65882E-04  -1.89807E-01
         132   2.64000E-01   7.57335E-04   6.96497E-04  -1.89764E-01
         133   2.66000E-01   7.56982E-04   7.01714E-04  -1.89682E-01
         134   2.68000E-01   7.56627E-04   7.01054E-04  -1.89596E-01
         135   2.70000E-01   7.56264E-04   5.82470E-04  -1.89507E-01
         136   2.72000E-01   7.55650E-04   5.95668E-04  -1.89357E-01
         137   2.74000E-01   7.55059E-04   6.05794E-04  -1.89210E-01
         138   2.76000E-01   7.54472E-04   6.56847E-04  -1.89068E-01
         139   2.78000E-01   7.53958E-04   6.87783E-04  -1.88946E-01
         140   2.80000E-01   7.53513E-04   7.14127E-04  -1.88833E-01
         141   2.82000E-01   7.53094E-04   6.27609E-04  -1.88735E-01
         142   2.84000E-01   7.52529E-04   6.37627E-04  -1.88587E-01
         143   2.86000E-01   7.51969E-04   6.23778E-04  -1.88451E-01
         144   2.88000E-01   7.51365E-04   6.70849E-04  -1.88304E-01
         145   2.90000E-01   7.50866E-04   7.52816E-04  -1.88177E-01
         146   2.92000E-01   7.50481E-04   7.63840E-04  -1.88093E-01
         147   2.94000E-01   7.50098E-04   8.18712E-04  -1.88002E-01
         148   2.96000E-01   7.49812E-04   7.97863E-04  -1.87934E-01
         149   2.98000E-01   7.49451E-04   7.93234E-04  -1.87852E-01
         150   3.00000E-01   7.49075E-04   8.30777E-04  -1.87759E-01
         151   3.02000E-01   7.48823E-04   8.26823E-04  -1.87684E-01
         152   3.04000E-01   7.48623E-04   8.24053E-04  -1.87619E-01
         153   3.06000E-01   7.48441E-04   7.88047E-04  -1.87568E-01
         154   3.08000E-01   7.48259E-04   7.61721E-04  -1.87504E-01
         155   3.10000E-01   7.48143E-04   7.60440E-04  -1.87446E-01
         156   3.12000E-01   7.48018E-04   7.05647E-04  -1.87416E-01
         157   3.14000E-01   7.47773E-04   7.03079E-04  -1.87357E-01
         158   3.16000E-01   7.47550E-04   7.15242E-04  -1.87295E-01
         159   3.18000E-01   7.47330E-04   7.29197E-04  -1.87245E-01
         160   3.20000E-01   7.47114E-04   7.40162E-04  -1.87197E-01
         161   3.22000E-01   7.46843E-04   7.74899E-04  -1.87148E-01
         162   3.24000E-01   7.46702E-04   7.99794E-04  -1.87098E-01
         163   3.26000E-01   7.46569E-04   7.92213E-04  -1.87075E-01
         164   3.28000E-01   7.46389E-04   8.29760E-04  -1.87038E-01
         165   3.30000E-01   7.46264E-04   8.67095E-04  -1.87012E-01
         166   3.32000E-01   7.46212E-04   8.98028E-04  -1.87000E-01
         167   3.34000E-01   7.46218E-04   8.85176E-04  -1.87002E-01
         168   3.36000E-01   7.46105E-04   8.86818E-04  -1.86997E-01
         169   3.38000E-01   7.46055E-04   8.66870E-04  -1.86970E-01
         170   3.40000E-01   7.45928E-04   8.28108E-04  -1.86947E-01
         171   3.42000E-01   7.45674E-04   7.93067E-04  -1.86896E-01
         172   3.44000E-01   7.45277E-04   8.31352E-04  -1.86815E-01
         173   3.46000E-01   7.44929E-04   8.50857E-04  -1.86735E-01
         174   3.48000E-01   7.44622E-04   8.55339E-04  -1.86658E-01
         175   3.50000E-01   7.44286E-04   8.84791E-04  -1.86583E-01
         176   3.52000E-01   7.44014E-04   9.38295E-04  -1.86514E-01
         177   3.54000E-01   7.43871E-04   9.35316E-04  -1.86473E-01
         178   3.56000E-01   7.43767E-04   9.79698E-04  -1.86435E-01
         179   3.58000E-01   7.43707E-04   1.00806E-03  -1.86431E-01
         180   3.60000E-01   7.43786E-04   1.07082E-03  -1.86431E-01
         181   3.62000E-01   7.44076E-04   1.06402E-03  -1.86482E-01
         182   3.64000E-01   7.44379E-04   1.06137E-03  -1.86551E-01
         183   3.66000E-01   7.44664E-04   1.07530E-03  -1.86625E-01
         184   3.68000E-01   7.45074E-04   1.05130E-03  -1.86704E-01
         185   3.70000E-01   7.45477E-04   9.93336E-04  -1.86794E-01
         186   3.72000E-01   7.45752E-04   9.73007E-04  -1.86866E-01
         187   3.74000E-01   7.45986E-04   9.21095E-04  -1.86925E-01
         188   3.76000E-01   7.46077E-04   9.21589E-04  -1.86957E-01
         189   3.78000E-01   7.46251E-04   9.50505E-04  -1.86980E-01
         190   3.80000E-01   7.46452E-04   9.00145E-04  -1.87038E-01
         191   3.82000E-01   7.46623E-04   9.19340E-04  -1.87063E-01
         192   3.84000E-01   7.46784E-04   9.18570E-04  -1.87115E-01
         193   3.86000E-01   7.46924E-04   8.92051E-04  -1.87155E-01
         194   3.88000E-01   7.47012E-04   9.09375E-04  -1.87177E-01
         195   3.90000E-01   7.47091E-04   9.06587E-04  -1.87208E-01
         196   3.92000E-01   7.47184E-04   9.07210E-04  -1.87226E-01
         197   3.94000E-01   7.47247E-04   9.10246E-04  -1.87250E-01
         198   3.96000E-01   7.47283E-04   9.10760E-04  -1.87267E-01
         199   3.98000E-01   7.47353E-04   9.16259E-04  -1.87276E-01
         200   4.00000E-01   7.47449E-04   9.19394E-04  -1.87296E-01
         201   4.02000E-01   7.47548E-04   9.00564E-04  -1.87322E-01
         202   4.04000E-01   7.47593E-04   8.88771E-04  -1.87337E-01
         203   4.06000E-01   7.47608E-04   8.65890E-04  -1.87343E-01
         204   4.08000E-01   7.47604E-04   8.17740E-04  -1.87335E-01
         205   4.10000E-01   7.47501E-04   8.25309E-04  -1.87310E-01
         206   4.12000E-01   7.47392E-04   8.41781E-04  -1.87288E-01
         207   4.14000E-01   7.47390E-04   8.64447E-04  -1.87269E-01
         208   4.16000E-01   7.47444E-04   8.98506E-04  -1.87280E-01
         209   4.18000E-01   7.47573E-04   8.83561E-04  -1.87310E-01
         210   4.20000E-01   7.47668E-04   8.43922E-04  -1.87335E-01
         211   4.22000E-01   7.47653E-04   8.59738E-04  -1.87339E-01
         212   4.24000E-01   7.47722E-04   8.89047E-04  -1.87343E-01
         213   4.26000E-01   7.47906E-04   9.15326E-04  -1.87375E-01
         214   4.28000E-01   7.48198E-04   9.47794E-04  -1.87434E-01
         215   4.30000E-01   7.48589E-04   9.24588E-04  -1.87523E-01
         216   4.32000E-01   7.48879E-04   9.25078E-04  -1.87610E-01
         217   4.34000E-01   7.49164E-04   9.30809E-04  -1.87682E-01
         218   4.36000E-01   7.49454E-04   8.90099E-04  -1.87756E-01
         219   4.38000E-01   7.49641E-04   9.70804E-04  -1.87809E-01
         220   4.40000E-01   7.50018E-04   1.05553E-03  -1.87896E-01
         221   4.42000E-01   7.50625E-04   1.11631E-03  -1.88032E-01
         222   4.44000E-01   7.51423E-04   1.13634E-03  -1.88214E-01
         223   4.46000E-01   7.52380E-04   1.13928E-03  -1.88424E-01
         224   4.48000E-01   7.53330E-04   1.10676E-03  -1.88665E-01
         225   4.50000E-01   7.54188E-04   1.10736E-03  -1.88886E-01
         226   4.52000E-01   7.55014E-04   1.09718E-03  -1.89101E-01
         227   4.54000E-01   7.55808E-04   1.05283E-03  -1.89302E-01
         228   4.56000E-01   7.56518E-04   1.04678E-03  -1.89478E-01
         229   4.58000E-01   7.57236E-04   1.01155E-03  -1.89653E-01
         230   4.60000E-01   7.57867E-04   9.65358E-04  -1.89815E-01
         231   4.62000E-01   7.58407E-04   9.56365E-04  -1.89950E-01
         232   4.64000E-01   7.58979E-04   9.12846E-04  -1.90080E-01
         233   4.66000E-01   7.59322E-04   7.99631E-04  -1.90201E-01
         234   4.68000E-01   7.59523E-04   7.71762E-04  -1.90230E-01
         235   4.70000E-01   7.59603E-04   7.30255E-04  -1.90267E-01
         236   4.72000E-01   7.59651E-04   7.39952E-04  -1.90266E-01
         237   4.74000E-01   7.59794E-04   6.74506E-04  -1.90283E-01
         238   4.76000E-01   7.59795E-04   6.33207E-04  -1.90286E-01
         239   4.78000E-01   7.59716E-04   6.19031E-04  -1.90265E-01
         240   4.80000E-01   7.59600E-04   5.97631E-04  -1.90239E-01
         241   4.82000E-01   7.59390E-04   6.33040E-04  -1.90199E-01
         242   4.84000E-01   7.59345E-04   5.90322E-04  -1.90164E-01
         243   4.86000E-01   7.59220E-04   4.94587E-04  -1.90131E-01
         244   4.88000E-01   7.58758E-04   4.88437E-04  -1.90052E-01
         245   4.90000E-01   7.58315E-04   5.41735E-04  -1.89934E-01
         246   4.92000E-01   7.57985E-04   5.92529E-04  -1.89850E-01
         247   4.94000E-01   7.57683E-04   6.58525E-04  -1.89793E-01
         248   4.96000E-01   7.57547E-04   6.86486E-04  -1.89750E-01
         249   4.98000E-01   7.57478E-04   7.05701E-04  -1.89730E-01
         250   5.00000E-01   7.57454E-04   7.15281E-04  -1.89722E-01
         251   5.02000E-01   7.57400E-04   7.21512E-04  -1.89721E-01
         252   5.04000E-01   7.57412E-04   7.18889E-04  -1.89711E-01
         253   5.06000E-01   7.57408E-04   6.52742E-04  -1.89712E-01
         254   5.08000E-01   7.57301E-04   6.05615E-04  -1.89678E-01
         255   5.10000E-01   7.57093E-04   5.58735E-04  -1.89628E-01
         256   5.12000E-01   7.56671E-04   6.24328E-04  -1.89553E-01
         257   5.14000E-01   7.56403E-04   7.09481E-04  -1.89480E-01
         258   5.16000E-01   7.56246E-04   7.45794E-04  -1.89455E-01
         259   5.18000E-01   7.56177E-04   7.65206E-04  -1.89434E-01
         260   5.20000E-01   7.56139E-04   6.98347E-04  -1.89427E-01
         261   5.22000E-01   7.55942E-04   6.78987E-04  -1.89384E-01
         262   5.24000E-01   7.55632E-04   6.71924E-04  -1.89325E-01
         263   5.26000E-01   7.55246E-04   7.16121E-04  -1.89244E-01
         264   5.28000E-01   7.54943E-04   7.45652E-04  -1.89170E-01
         265   5.30000E-01   7.54624E-04   7.73523E-04  -1.89108E-01
         266   5.32000E-01   7.54346E-04   8.14266E-04  -1.89043E-01
         267   5.34000E-01   7.54139E-04   8.46745E-04  -1.88994E-01
         268   5.36000E-01   7.53995E-04   8.83984E-04  -1.88958E-01
         269   5.38000E-01   7.53998E-04   8.87132E-04  -1.88941E-01
         270   5.40000E-01   7.54073E-04   8.44353E-04  -1.88943E-01
         271   5.42000E-01   7.54130E-04   8.44596E-04  -1.88941E-01
         272   5.44000E-01   7.54236E-04   7.96119E-04  -1.88955E-01
         273   5.46000E-01   7.54272E-04   7.59167E-04  -1.88957E-01
         274   5.48000E-01   7.54243E-04   7.05398E-04  -1.88948E-01
         275   5.50000E-01   7.54125E-04   6.83491E-04  -1.88913E-01
         276   5.52000E-01   7.54037E-04   6.78899E-04  -1.88873E-01
         277   5.54000E-01   7.53992E-04   6.44250E-04  -1.88849E-01
         278   5.56000E-01   7.53948E-04   6.18347E-04  -1.88820E-01
         279   5.58000E-01   7.53852E-04   5.98786E-04  -1.88796E-01
         280   5.60000E-01   7.53731E-04   5.79458E-04  -1.88762E-01
         281   5.62000E-01   7.53706E-04   5.42415E-04  -1.88723E-01
         282   5.64000E-01   7.53618E-04   5.19520E-04  -1.88698E-01
         283   5.66000E-01   7.53427E-04   5.49896E-04  -1.88664E-01
         284   5.68000E-01   7.53311E-04   5.85495E-04  -1.88632E-01
         285   5.70000E-01   7.53299E-04   5.92353E-04  -1.88621E-01
         286   5.72000E-01   7.53306E-04   5.91079E-04  -1.88621E-01
         287   5.74000E-01   7.53356E-04   6.22885E-04  -1.88622E-01
         288   5.76000E-01   7.53444E-04   6.43429E-04  -1.88650E-01
         289   5.78000E-01   7.53585E-04   6.01259E-04  -1.88683E-01
         290   5.80000E-01   7.53667E-04   5.79558E-04  -1.88697E-01
         291   5.82000E-01   7.53688E-04   5.35464E-04  -1.88707E-01
         292   5.84000E-01   7.53638E-04   5.23677E-04  -1.88690E-01
         293   5.86000E-01   7.53536E-04   5.38191E-04  -1.88671E-01
         294   5.88000E-01   7.53513E-04   5.30860E-04  -1.88653E-01
         295   5.90000E-01   7.53491E-04   5.48058E-04  -1.88644E-01
         296   5.92000E-01   7.53435E-04   5.26602E-04  -1.88647E-01
         297   5.94000E-01   7.53319E-04   5.49144E-04  -1.88622E-01
         298   5.96000E-01   7.53323E-04   5.19176E-04  -1.88604E-01
         299   5.98000E-01   7.53261E-04   4.61185E-04  -1.88590E-01
         300   6.00000E-01   7.53127E-04   4.14304E-04  -1.88546E-01
         301   6.02000E-01   7.52901E-04   3.51448E-04  -1.88489E-01
         302   6.04000E-01   7.52569E-04   4.11248E-04  -1.88401E-01
         303   6.06000E-01   7.52284E-04   5.27585E-04  -1.88348E-01
         304   6.08000E-01   7.52186E-04   6.01400E-04  -1.88335E-01
         305   6.10000E-01   7.52288E-04   6.63193E-04  -1.88347E-01
         306   6.12000E-01   7.52583E-04   6.77328E-04  -1.88404E-01
         307   6.14000E-01   7.52934E-04   6.73429E-04  -1.88485E-01
         308   6.16000E-01   7.53288E-04   6.67258E-04  -1.88570E-01
         309   6.18000E-01   7.53644E-04   6.85321E-04  -1.88656E-01
         310   6.20000E-01   7.53953E-04   6.73514E-04  -1.88754E-01
         311   6.22000E-01   7.54216E-04   6.52672E-04  -1.88825E-01
         312   6.24000E-01   7.54448E-04   6.20918E-04  -1.88880E-01
         313   6.26000E-01   7.54532E-04   6.34245E-04  -1.88923E-01
         314   6.28000E-01   7.54587E-04   6.28493E-04  -1.88950E-01
         315   6.30000E-01   7.54603E-04   6.27560E-04  -1.88961E-01
         316   6.32000E-01   7.54631E-04   6.78810E-04  -1.88965E-01
         317   6.34000E-01   7.54700E-04   7.21428E-04  -1.88997E-01
         318   6.36000E-01   7.54815E-04   6.82746E-04  -1.89036E-01
         319   6.38000E-01   7.54830E-04   6.95474E-04  -1.89045E-01
         320   6.40000E-01   7.54858E-04   6.56339E-04  -1.89055E-01
         321   6.42000E-01   7.54744E-04   6.59630E-04  -1.89043E-01
         322   6.44000E-01   7.54618E-04   7.14299E-04  -1.89016E-01
         323   6.46000E-01   7.54642E-04   7.07472E-04  -1.89012E-01
         324   6.48000E-01   7.54588E-04   7.00734E-04  -1.89014E-01
         325   6.50000E-01   7.54481E-04   7.13955E-04  -1.88997E-01
         326   6.52000E-01   7.54332E-04   7.64029E-04  -1.88977E-01
         327   6.54000E-01   7.54215E-04   7.73884E-04  -1.88965E-01
         328   6.56000E-01   7.54116E-04   8.37362E-04  -1.88941E-01
         329   6.58000E-01   7.54155E-04   8.30718E-04  -1.88948E-01
         330   6.60000E-01   7.54184E-04   8.21824E-04  -1.88954E-01
         331   6.62000E-01   7.54185E-04   7.59877E-04  -1.88957E-01
         332   6.64000E-01   7.54081E-04   7.88275E-04  -1.88926E-01
         333   6.66000E-01   7.54008E-04   8.22380E-04  -1.88914E-01
         334   6.68000E-01   7.54038E-04   8.75890E-04  -1.88913E-01
         335   6.70000E-01   7.54094E-04   9.12737E-04  -1.88948E-01
         336   6.72000E-01   7.54259E-04   9.49366E-04  -1.88980E-01
         337   6.74000E-01   7.54545E-04   9.56979E-04  -1.89039E-01
         338   6.76000E-01   7.54922E-04   9.87413E-04  -1.89115E-01
         339   6.78000E-01   7.55340E-04   9.95397E-04  -1.89224E-01
         340   6.80000E-01   7.55846E-04   9.97539E-04  -1.89333E-01
         341   6.82000E-01   7.56335E-04   9.74978E-04  -1.89460E-01
         342   6.84000E-01   7.56892E-04   9.65153E-04  -1.89571E-01
         343   6.86000E-01   7.57410E-04   9.16291E-04  -1.89705E-01
         344   6.88000E-01   7.57851E-04   8.71552E-04  -1.89811E-01
         345   6.90000E-01   7.58153E-04   8.80426E-04  -1.89899E-01
         346   6.92000E-01   7.58463E-04   8.93422E-04  -1.89978E-01
         347   6.94000E-01   7.58851E-04   9.57340E-04  -1.90062E-01
         348   6.96000E-01   7.59315E-04   1.02111E-03  -1.90191E-01
         349   6.98000E-01   7.59955E-04   9.85874E-04  -1.90339E-01
         350   7.00000E-01   7.60462E-04   9.91403E-04  -1.90482E-01
         351   7.02000E-01   7.60949E-04   9.60693E-04  -1.90611E-01
         352   7.04000E-01   7.61294E-04   9.79213E-04  -1.90718E-01
         353   7.06000E-01   7.61705E-04   9.84509E-04  -1.90813E-01
         354   7.08000E-01   7.62181E-04   9.63828E-04  -1.90918E-01
         355   7.10000E-01   7.62648E-04   9.20269E-04  -1.91027E-01
         356   7.12000E-01   7.63081E-04   8.70614E-04  -1.91122E-01
         357   7.14000E-01   7.63425E-04   8.14097E-04  -1.91206E-01
         358   7.16000E-01   7.63711E-04   7.94308E-04  -1.91263E-01
         359   7.18000E-01   7.64005E-04   7.63857E-04  -1.91325E-01
         360   7.20000E-01   7.64299E-04   7.20141E-04  -1.91383E-01
         361   7.22000E-01   7.64452E-04   6.62023E-04  -1.91435E-01
         362   7.24000E-01   7.64568E-04   6.36793E-04  -1.91444E-01
         363   7.26000E-01   7.64641E-04   5.69742E-04  -1.91460E-01
         364   7.28000E-01   7.64593E-04   5.03113E-04  -1.91445E-01
         365   7.30000E-01   7.64331E-04   4.14213E-04  -1.91400E-01
         366   7.32000E-01   7.63797E-04   4.21672E-04  -1.91290E-01
         367   7.34000E-01   7.63294E-04   4.61227E-04  -1.91160E-01
         368   7.36000E-01   7.62879E-04   4.91187E-04  -1.91054E-01
         369   7.38000E-01   7.62472E-04   5.37549E-04  -1.90965E-01
         370   7.40000E-01   7.62198E-04   6.57599E-04  -1.90887E-01
         371   7.42000E-01   7.62212E-04   7.18703E-04  -1.90878E-01
         372   7.44000E-01   7.62327E-04   6.39496E-04  -1.90912E-01
         373   7.46000E-01   7.62353E-04   6.00487E-04  -1.90902E-01
         374   7.48000E-01   7.62383E-04   5.71275E-04  -1.90889E-01
         375   7.50000E-01   7.62387E-04   4.98618E-04  -1.90881E-01
         376   7.52000E-01   7.62236E-04   4.87163E-04  -1.90846E-01
         377   7.54000E-01   7.62075E-04   5.04094E-04  -1.90803E-01
         378   7.56000E-01   7.61953E-04   5.15186E-04  -1.90771E-01
         379   7.58000E-01   7.61815E-04   5.26011E-04  -1.90746E-01
         380   7.60000E-01   7.61657E-04   5.25758E-04  -1.90717E-01
         381   7.62000E-01   7.61487E-04   5.61018E-04  -1.90677E-01
         382   7.64000E-01   7.61359E-04   5.86461E-04  -1.90652E-01
         383   7.66000E-01   7.61227E-04   6.07087E-04  -1.90633E-01
         384   7.68000E-01   7.61034E-04   5.94062E-04  -1.90610E-01
         385   7.70000E-01   7.60806E-04   6.11825E-04  -1.90555E-01
         386   7.72000E-01   7.60558E-04   6.11423E-04  -1.90507E-01
         387   7.74000E-01   7.60235E-04   6.30246E-04  -1.90445E-01
         388   7.76000E-01   7.59890E-04   6.70782E-04  -1.90374E-01
         389   7.78000E-01   7.59601E-04   7.00160E-04  -1.90308E-01
         390   7.80000E-01   7.59384E-04   7.20229E-04  -1.90250E-01
         391   7.82000E-01   7.59229E-04   7.60676E-04  -1.90206E-01
         392   7.84000E-01   7.59143E-04   7.82721E-04  -1.90188E-01
         393   7.86000E-01   7.59208E-04   8.51516E-04  -1.90177E-01
         394   7.88000E-01   7.59455E-04   8.93128E-04  -1.90228E-01
         395   7.90000E-01   7.59822E-04   9.08646E-04  -1.90310E-01
         396   7.92000E-01   7.60236E-04   8.91408E-04  -1.90410E-01
         397   7.94000E-01   7.60655E-04   8.70436E-04  -1.90505E-01
         398   7.96000E-01   7.61082E-04   8.25508E-04  -1.90599E-01
         399   7.98000E-01   7.61402E-04   8.17249E-04  -1.90683E-01
         400   8.00000E-01   7.61728E-04   7.80965E-04  -1.90759E-01
         401   8.02000E-01   7.62082E-04   6.82986E-04  -1.90822E-01
         402   8.04000E-01   7.62176E-04   5.87064E-04  -1.90862E-01
         403   8.06000E-01   7.62105E-04   5.77277E-04  -1.90837E-01
         404   8.08000E-01   7.62054E-04   6.58198E-04  -1.90815E-01
         405   8.10000E-01   7.62210E-04   7.09201E-04  -1.90843E-01
         406   8.12000E-01   7.62475E-04   6.95680E-04  -1.90907E-01
         407   8.14000E-01   7.62758E-04   6.58768E-04  -1.90967E-01
         408   8.16000E-01   7.62988E-04   6.71401E-04  -1.91019E-01
         409   8.18000E-01   7.63291E-04   6.40053E-04  -1.91083E-01
         410   8.20000E-01   7.63512E-04   5.77455E-04  -1.91143E-01
         411   8.22000E-01   7.63632E-04   5.81294E-04  -1.91167E-01
         412   8.24000E-01   7.63780E-04   6.29295E-04  -1.91199E-01
         413   8.26000E-01   7.63962E-04   6.67279E-04  -1.91260E-01
         414   8.28000E-01   7.64164E-04   6.87756E-04  -1.91324E-01
         415   8.30000E-01   7.64381E-04   7.09717E-04  -1.91385E-01
         416   8.32000E-01   7.64634E-04   7.68474E-04  -1.91450E-01
         417   8.34000E-01   7.64946E-04   7.06307E-04  -1.91543E-01
         418   8.36000E-01   7.65153E-04   6.49301E-04  -1.91590E-01
         419   8.38000E-01   7.65223E-04   6.19842E-04  -1.91613E-01
         420   8.40000E-01   7.65259E-04   5.45160E-04  -1.91616E-01
         421   8.42000E-01   7.65128E-04   5.30682E-04  -1.91587E-01
         422   8.44000E-01   7.64912E-04   5.81443E-04  -1.91547E-01
         423   8.46000E-01   7.64834E-04   6.07686E-04  -1.91519E-01
         424   8.48000E-01   7.64797E-04   5.81656E-04  -1.91512E-01
         425   8.50000E-01   7.64759E-04   5.57916E-04  -1.91490E-01
         426   8.52000E-01   7.64604E-04   5.14982E-04  -1.91469E-01
         427   8.54000E-01   7.64410E-04   4.85408E-04  -1.91408E-01
         428   8.56000E-01   7.64195E-04   4.18445E-04  -1.91345E-01
         429   8.58000E-01   7.63760E-04   3.91801E-04  -1.91258E-01
         430   8.60000E-01   7.63319E-04   4.13222E-04  -1.91136E-01
         431   8.62000E-01   7.62876E-04   4.23867E-04  -1.91036E-01
         432   8.64000E-01   7.62396E-04   5.16182E-04  -1.90931E-01
         433   8.66000E-01   7.62042E-04   5.58003E-04  -1.90857E-01
         434   8.68000E-01   7.61767E-04   6.40990E-04  -1.90789E-01
         435   8.70000E-01   7.61650E-04   6.07403E-04  -1.90762E-01
         436   8.72000E-01   7.61407E-04   5.74333E-04  -1.90716E-01
         437   8.74000E-01   7.61079E-04   5.86409E-04  -1.90639E-01
         438   8.76000E-01   7.60707E-04   6.12894E-04  -1.90563E-01
         439   8.78000E-01   7.60394E-04   6.49362E-04  -1.90483E-01
         440   8.80000E-01   7.60147E-04   6.32129E-04  -1.90423E-01
         441   8.82000E-01   7.59814E-04   6.10223E-04  -1.90353E-01
         442   8.84000E-01   7.59422E-04   6.03945E-04  -1.90259E-01
         443   8.86000E-01   7.59028E-04   6.35448E-04  -1.90157E-01
         444   8.88000E-01   7.58670E-04   6.19511E-04  -1.90075E-01
         445   8.90000E-01   7.58300E-04   6.47132E-04  -1.89977E-01
         446   8.92000E-01   7.57905E-04   6.46391E-04  -1.89899E-01
         447   8.94000E-01   7.57475E-04   7.02017E-04  -1.89800E-01
         448   8.96000E-01   7.57192E-04   7.31976E-04  -1.89720E-01
         449   8.98000E-01   7.56957E-04   6.18832E-04  -1.89664E-01
         450   9.00000E-01   7.56491E-04   5.24614E-04  -1.89549E-01
         451   9.02000E-01   7.55818E-04   5.15393E-04  -1.89385E-01
         452   9.04000E-01   7.55081E-04   5.43283E-04  -1.89212E-01
         453   9.06000E-01   7.54394E-04   6.01662E-04  -1.89042E-01
         454   9.08000E-01   7.53852E-04   5.92624E-04  -1.88899E-01
         455   9.10000E-01   7.53237E-04   5.39646E-04  -1.88759E-01
         456   9.12000E-01   7.52536E-04   5.13357E-04  -1.88579E-01
         457   9.14000E-01   7.51807E-04   5.21936E-04  -1.88391E-01
         458   9.16000E-01   7.51141E-04   4.69191E-04  -1.88213E-01
         459   9.18000E-01   7.50361E-04   5.33207E-04  -1.88020E-01
         460   9.20000E-01   7.49704E-04   5.81697E-04  -1.87857E-01
         461   9.22000E-01   7.49139E-04   6.45207E-04  -1.87717E-01
         462   9.24000E-01   7.48674E-04   6.39391E-04  -1.87607E-01
         463   9.26000E-01   7.48190E-04   6.43991E-04  -1.87488E-01
         464   9.28000E-01   7.47712E-04   6.49552E-04  -1.87370E-01
         465   9.30000E-01   7.47289E-04   6.47651E-04  -1.87253E-01
         466   9.32000E-01   7.46845E-04   6.72542E-04  -1.87146E-01
         467   9.34000E-01   7.46492E-04   7.48911E-04  -1.87048E-01
         468   9.36000E-01   7.46362E-04   7.98620E-04  -1.86997E-01
         469   9.38000E-01   7.46326E-04   8.31261E-04  -1.86990E-01
         470   9.40000E-01   7.46349E-04   8.38487E-04  -1.86997E-01
         471   9.42000E-01   7.46497E-04   8.71503E-04  -1.87007E-01
         472   9.44000E-01   7.46782E-04   8.93060E-04  -1.87060E-01
         473   9.46000E-01   7.47136E-04   8.94107E-04  -1.87142E-01
         474   9.48000E-01   7.47475E-04   8.82127E-04  -1.87231E-01
         475   9.50000E-01   7.47839E-04   8.77563E-04  -1.87310E-01
         476   9.52000E-01   7.48177E-04   8.70371E-04  -1.87399E-01
         477   9.54000E-01   7.48509E-04   9.02949E-04  -1.87479E-01
         478   9.56000E-01   7.48911E-04   9.00129E-04  -1.87579E-01
         479   9.58000E-01   7.49295E-04   8.74014E-04  -1.87678E-01
         480   9.60000E-01   7.49684E-04   8.28143E-04  -1.87761E-01
         481   9.62000E-01   7.49962E-04   7.10329E-04  -1.87835E-01
         482   9.64000E-01   7.49923E-04   6.77754E-04  -1.87846E-01
         483   9.66000E-01   7.49760E-04   6.76604E-04  -1.87820E-01
         484   9.68000E-01   7.49601E-04   6.52004E-04  -1.87778E-01
         485   9.70000E-01   7.49396E-04   6.59184E-04  -1.87726E-01
         486   9.72000E-01   7.49180E-04   6.00870E-04  -1.87679E-01
         487   9.74000E-01   7.48850E-04   6.50146E-04  -1.87596E-01
         488   9.76000E-01   7.48633E-04   6.85413E-04  -1.87537E-01
         489   9.78000E-01   7.48517E-04   7.07009E-04  -1.87501E-01
         490   9.80000E-01   7.48463E-04   7.35466E-04  -1.87483E-01
         491   9.82000E-01   7.48470E-04   7.35088E-04  -1.87483E-01
         492   9.84000E-01   7.48458E-04   7.62827E-04  -1.87485E-01
         493   9.86000E-01   7.48585E-04   7.43094E-04  -1.87496E-01
         494   9.88000E-01   7.48820E-04   7.10928E-04  -1.87518E-01
         495   9.90000E-01   7.48958E-04   6.34011E-04  -1.87561E-01
         496   9.92000E-01   7.48967E-04   5.74145E-04  -1.87557E-01
         497   9.94000E-01   7.48847E-04   5.02273E-04  -1.87529E-01
         498   9.96000E-01   7.48504E-04   4.71828E-04  -1.87463E-01
         499   9.98000E-01   7.48177E-04   4.43861E-04  -1.87362E-01
         500   1.00000E+00   7.47811E-04   4.52229E-04  -1.87266E-01
