    Timestep          Time             Y          Rise        Inflow
      number                    centroid      velocity      velocity
           1   2.00000E-03   2.13473E-18   3.74312E-02  -8.00524E-16
           2   4.00000E-03   7.56060E-05   5.41063E-02  -1.87156E-02
           3   6.00000E-03   1.84642E-04   6.02814E-02  -4.59546E-02
           4   8.00000E-03   3.05779E-04   6.13514E-02  -7.63012E-02
           5   1.00000E-02   4.28699E-04   5.98306E-02  -1.07121E-01
           6   1.20000E-02   5.48152E-04   5.70115E-02  -1.37090E-01
           7   1.40000E-02   6.61653E-04   5.32956E-02  -1.65544E-01
           8   1.60000E-02   7.67442E-04   4.90744E-02  -1.92061E-01
           9   1.80000E-02   8.64557E-04   4.43041E-02  -2.16398E-01
          10   2.00000E-02   9.51855E-04   3.90817E-02  -2.38291E-01
          11   2.20000E-02   1.02882E-03   3.39059E-02  -2.57505E-01
          12   2.40000E-02   1.09556E-03   2.86735E-02  -2.74157E-01
          13   2.60000E-02   1.15184E-03   2.35034E-02  -2.88226E-01
          14   2.80000E-02   1.19740E-03   1.84095E-02  -2.99712E-01
          15   3.00000E-02   1.23084E-03   1.36445E-02  -3.08554E-01
          16   3.20000E-02   1.25586E-03   1.05261E-02  -3.14532E-01
          17   3.40000E-02   1.27627E-03   7.73015E-03  -3.19227E-01
          18   3.60000E-02   1.29177E-03   5.02510E-03  -3.22933E-01
          19   3.80000E-02   1.29657E-03   2.44531E-03  -3.25454E-01
          20   4.00000E-02   1.29661E-03   2.17028E-03  -3.25366E-01
          21   4.20000E-02   1.29870E-03   1.91634E-03  -3.25237E-01
          22   4.40000E-02   1.30077E-03   9.71067E-04  -3.25633E-01
          23   4.60000E-02   1.30064E-03   2.00308E-04  -3.25679E-01
          24   4.80000E-02   1.29943E-03  -1.31082E-04  -3.25261E-01
          25   5.00000E-02   1.29810E-03  -4.51446E-04  -3.24793E-01
          26   5.20000E-02   1.29543E-03  -7.09918E-04  -3.24300E-01
          27   5.40000E-02   1.29236E-03  -6.40457E-04  -3.23503E-01
          28   5.60000E-02   1.28975E-03  -6.43809E-04  -3.22769E-01
          29   5.80000E-02   1.28726E-03  -8.44276E-04  -3.22116E-01
          30   6.00000E-02   1.28422E-03  -8.62427E-04  -3.21393E-01
          31   6.20000E-02   1.28103E-03  -6.50312E-04  -3.20624E-01
          32   6.40000E-02   1.27836E-03  -4.00271E-04  -3.19931E-01
          33   6.60000E-02   1.27639E-03  -3.38220E-04  -3.19389E-01
          34   6.80000E-02   1.27488E-03  -2.44621E-04  -3.18928E-01
          35   7.00000E-02   1.27375E-03  -2.15634E-04  -3.18598E-01
          36   7.20000E-02   1.27242E-03  -1.75510E-04  -3.18330E-01
          37   7.40000E-02   1.27139E-03   2.37780E-05  -3.18018E-01
          38   7.60000E-02   1.27111E-03   2.10574E-04  -3.17861E-01
          39   7.80000E-02   1.27133E-03   2.93598E-04  -3.17882E-01
          40   8.00000E-02   1.27188E-03   3.46063E-04  -3.17980E-01
          41   8.20000E-02   1.27261E-03   3.39635E-04  -3.18142E-01
          42   8.40000E-02   1.27343E-03   3.39450E-04  -3.18323E-01
          43   8.60000E-02   1.27442E-03   4.26096E-04  -3.18527E-01
          44   8.80000E-02   1.27585E-03   4.63083E-04  -3.18818E-01
          45   9.00000E-02   1.27776E-03   4.63962E-04  -3.19195E-01
          46   9.20000E-02   1.28006E-03   3.70733E-04  -3.19672E-01
          47   9.40000E-02   1.28207E-03   2.73236E-04  -3.20200E-01
          48   9.60000E-02   1.28385E-03   2.37870E-04  -3.20654E-01
          49   9.78360E-02   1.28584E-03   1.74915E-04  -3.21083E-01
          50   9.96442E-02   1.28797E-03  -2.43309E-05  -3.21547E-01
          51   1.01435E-01   1.28988E-03  -2.33678E-04  -3.21979E-01
          52   1.03093E-01   1.29149E-03  -4.94774E-04  -3.22353E-01
          53   1.04640E-01   1.29270E-03  -7.27438E-04  -3.22626E-01
          54   1.06199E-01   1.29372E-03  -9.62580E-04  -3.22811E-01
          55   1.07628E-01   1.29443E-03  -1.19823E-03  -3.22949E-01
          56   1.08930E-01   1.29489E-03  -1.38233E-03  -3.23008E-01
          57   1.10248E-01   1.29527E-03  -1.59029E-03  -3.23031E-01
          58   1.11638E-01   1.29551E-03  -1.80806E-03  -3.23021E-01
          59   1.12929E-01   1.29560E-03  -1.99511E-03  -3.22973E-01
          60   1.14100E-01   1.29551E-03  -2.15786E-03  -3.22901E-01
          61   1.15270E-01   1.29532E-03  -2.33223E-03  -3.22798E-01
          62   1.16501E-01   1.29503E-03  -2.52775E-03  -3.22663E-01
          63   1.17801E-01   1.29461E-03  -2.70925E-03  -3.22494E-01
          64   1.19208E-01   1.29405E-03  -2.82274E-03  -3.22297E-01
          65   1.20512E-01   1.29359E-03  -2.76119E-03  -3.22101E-01
          66   1.21784E-01   1.29339E-03  -2.80341E-03  -3.22016E-01
          67   1.23079E-01   1.29332E-03  -2.88351E-03  -3.21945E-01
          68   1.24431E-01   1.29326E-03  -2.98820E-03  -3.21889E-01
          69   1.25880E-01   1.29308E-03  -3.17615E-03  -3.21821E-01
          70   1.27464E-01   1.29266E-03  -3.37585E-03  -3.21682E-01
          71   1.29117E-01   1.29212E-03  -3.63739E-03  -3.21477E-01
          72   1.30832E-01   1.29127E-03  -3.86794E-03  -3.21212E-01
          73   1.32642E-01   1.29001E-03  -3.92615E-03  -3.20885E-01
          74   1.34571E-01   1.28863E-03  -3.75817E-03  -3.20539E-01
          75   1.36550E-01   1.28781E-03  -3.47775E-03  -3.20279E-01
          76   1.38543E-01   1.28762E-03  -3.30343E-03  -3.20213E-01
          77   1.40541E-01   1.28784E-03  -3.23786E-03  -3.20253E-01
          78   1.42541E-01   1.28834E-03  -3.27084E-03  -3.20341E-01
          79   1.44541E-01   1.28901E-03  -3.36695E-03  -3.20449E-01
          80   1.46541E-01   1.28976E-03  -3.62869E-03  -3.20568E-01
          81   1.48541E-01   1.29020E-03  -4.11451E-03  -3.20625E-01
          82   1.50541E-01   1.28966E-03  -4.39725E-03  -3.20493E-01
          83   1.52541E-01   1.28864E-03  -4.52107E-03  -3.20216E-01
          84   1.54541E-01   1.28737E-03  -4.49204E-03  -3.19899E-01
          85   1.56541E-01   1.28617E-03  -4.48251E-03  -3.19597E-01
          86   1.58541E-01   1.28507E-03  -4.46174E-03  -3.19301E-01
          87   1.60541E-01   1.28419E-03  -4.40936E-03  -3.19036E-01
          88   1.62541E-01   1.28343E-03  -4.53848E-03  -3.18843E-01
          89   1.64541E-01   1.28244E-03  -4.47627E-03  -3.18588E-01
          90   1.66541E-01   1.28180E-03  -4.49317E-03  -3.18372E-01
          91   1.68541E-01   1.28134E-03  -4.69529E-03  -3.18202E-01
          92   1.70541E-01   1.28064E-03  -4.88697E-03  -3.17987E-01
          93   1.72541E-01   1.27968E-03  -4.96836E-03  -3.17718E-01
          94   1.74541E-01   1.27842E-03  -4.97453E-03  -3.17435E-01
          95   1.76541E-01   1.27703E-03  -4.99973E-03  -3.17117E-01
          96   1.78541E-01   1.27554E-03  -4.94905E-03  -3.16759E-01
          97   1.80541E-01   1.27399E-03  -4.88794E-03  -3.16410E-01
          98   1.82541E-01   1.27248E-03  -4.77917E-03  -3.16053E-01
          99   1.84541E-01   1.27117E-03  -4.81991E-03  -3.15730E-01
         100   1.86541E-01   1.26980E-03  -4.90283E-03  -3.15383E-01
         101   1.88541E-01   1.26838E-03  -4.93360E-03  -3.14998E-01
         102   1.90541E-01   1.26711E-03  -4.75967E-03  -3.14629E-01
         103   1.92541E-01   1.26640E-03  -4.57332E-03  -3.14398E-01
         104   1.94541E-01   1.26631E-03  -4.64799E-03  -3.14313E-01
         105   1.96541E-01   1.26603E-03  -4.96791E-03  -3.14254E-01
         106   1.98541E-01   1.26504E-03  -4.97589E-03  -3.14024E-01
         107   2.00541E-01   1.26408E-03  -4.94919E-03  -3.13771E-01
         108   2.02541E-01   1.26324E-03  -5.18165E-03  -3.13545E-01
         109   2.04541E-01   1.26189E-03  -4.99742E-03  -3.13220E-01
         110   2.06541E-01   1.26105E-03  -4.95016E-03  -3.12973E-01
         111   2.08541E-01   1.26036E-03  -4.92738E-03  -3.12787E-01
         112   2.10541E-01   1.25974E-03  -4.74548E-03  -3.12626E-01
         113   2.12541E-01   1.25957E-03  -4.66670E-03  -3.12561E-01
         114   2.14541E-01   1.25979E-03  -4.76244E-03  -3.12558E-01
         115   2.16541E-01   1.25991E-03  -4.91163E-03  -3.12566E-01
         116   2.18541E-01   1.25978E-03  -5.03404E-03  -3.12520E-01
         117   2.20541E-01   1.25945E-03  -5.16508E-03  -3.12429E-01
         118   2.22541E-01   1.25888E-03  -5.12914E-03  -3.12279E-01
         119   2.24541E-01   1.25843E-03  -4.89127E-03  -3.12155E-01
         120   2.26541E-01   1.25861E-03  -4.89355E-03  -3.12161E-01
         121   2.28541E-01   1.25894E-03  -4.86740E-03  -3.12205E-01
         122   2.30541E-01   1.25945E-03  -4.94937E-03  -3.12301E-01
         123   2.32541E-01   1.25990E-03  -5.15137E-03  -3.12389E-01
         124   2.34541E-01   1.25989E-03  -5.27140E-03  -3.12399E-01
         125   2.36541E-01   1.25975E-03  -5.44472E-03  -3.12336E-01
         126   2.38541E-01   1.25932E-03  -5.52293E-03  -3.12215E-01
         127   2.40541E-01   1.25882E-03  -5.55315E-03  -3.12069E-01
         128   2.42541E-01   1.25835E-03  -5.63066E-03  -3.11928E-01
         129   2.44541E-01   1.25786E-03  -5.68352E-03  -3.11773E-01
         130   2.46541E-01   1.25734E-03  -5.77266E-03  -3.11623E-01
         131   2.48541E-01   1.25646E-03  -5.77203E-03  -3.11448E-01
         132   2.50541E-01   1.25588E-03  -5.80277E-03  -3.11228E-01
         133   2.52541E-01   1.25522E-03  -5.87352E-03  -3.11069E-01
         134   2.54541E-01   1.25451E-03  -5.95654E-03  -3.10867E-01
         135   2.56541E-01   1.25362E-03  -5.89228E-03  -3.10650E-01
         136   2.58541E-01   1.25290E-03  -5.74142E-03  -3.10459E-01
         137   2.60541E-01   1.25259E-03  -5.71944E-03  -3.10355E-01
         138   2.62541E-01   1.25233E-03  -5.74547E-03  -3.10289E-01
         139   2.64541E-01   1.25196E-03  -5.70188E-03  -3.10210E-01
         140   2.66541E-01   1.25159E-03  -5.58683E-03  -3.10138E-01
         141   2.68541E-01   1.25164E-03  -5.51231E-03  -3.10103E-01
         142   2.70541E-01   1.25190E-03  -5.53451E-03  -3.10153E-01
         143   2.72541E-01   1.25213E-03  -5.58838E-03  -3.10207E-01
         144   2.74541E-01   1.25218E-03  -5.59550E-03  -3.10238E-01
         145   2.76541E-01   1.25207E-03  -5.66551E-03  -3.10248E-01
         146   2.78541E-01   1.25191E-03  -5.68715E-03  -3.10185E-01
         147   2.80541E-01   1.25173E-03  -5.65594E-03  -3.10133E-01
         148   2.82541E-01   1.25166E-03  -5.66939E-03  -3.10106E-01
         149   2.84541E-01   1.25159E-03  -5.72660E-03  -3.10080E-01
         150   2.86541E-01   1.25147E-03  -5.73558E-03  -3.10034E-01
         151   2.88541E-01   1.25132E-03  -5.73266E-03  -3.10000E-01
         152   2.90541E-01   1.25119E-03  -5.73714E-03  -3.09963E-01
         153   2.92541E-01   1.25100E-03  -5.71074E-03  -3.09928E-01
         154   2.94541E-01   1.25096E-03  -5.67547E-03  -3.09895E-01
         155   2.96541E-01   1.25105E-03  -5.71088E-03  -3.09903E-01
         156   2.98541E-01   1.25103E-03  -5.74216E-03  -3.09908E-01
         157   3.00541E-01   1.25089E-03  -5.76095E-03  -3.09885E-01
         158   3.02541E-01   1.25067E-03  -5.73252E-03  -3.09841E-01
         159   3.04541E-01   1.25050E-03  -5.65622E-03  -3.09801E-01
         160   3.06541E-01   1.25055E-03  -5.63449E-03  -3.09796E-01
         161   3.08541E-01   1.25061E-03  -5.64883E-03  -3.09821E-01
         162   3.10541E-01   1.25057E-03  -5.57619E-03  -3.09828E-01
         163   3.12541E-01   1.25077E-03  -5.54028E-03  -3.09855E-01
         164   3.14541E-01   1.25108E-03  -5.58527E-03  -3.09923E-01
         165   3.16541E-01   1.25135E-03  -5.60666E-03  -3.09978E-01
         166   3.18541E-01   1.25169E-03  -5.58095E-03  -3.10034E-01
         167   3.20541E-01   1.25212E-03  -5.65236E-03  -3.10133E-01
         168   3.22541E-01   1.25254E-03  -5.67224E-03  -3.10203E-01
         169   3.24541E-01   1.25291E-03  -5.82286E-03  -3.10299E-01
         170   3.26541E-01   1.25296E-03  -5.90504E-03  -3.10315E-01
         171   3.28541E-01   1.25288E-03  -5.94438E-03  -3.10288E-01
         172   3.30541E-01   1.25278E-03  -5.94061E-03  -3.10248E-01
         173   3.32541E-01   1.25259E-03  -5.95694E-03  -3.10225E-01
         174   3.34541E-01   1.25242E-03  -5.90482E-03  -3.10169E-01
         175   3.36541E-01   1.25237E-03  -5.81799E-03  -3.10152E-01
         176   3.38541E-01   1.25240E-03  -5.82648E-03  -3.10185E-01
         177   3.40541E-01   1.25241E-03  -5.87568E-03  -3.10187E-01
         178   3.42541E-01   1.25233E-03  -5.83574E-03  -3.10164E-01
         179   3.44541E-01   1.25238E-03  -5.84112E-03  -3.10165E-01
         180   3.46541E-01   1.25244E-03  -5.83153E-03  -3.10174E-01
         181   3.48541E-01   1.25249E-03  -5.86447E-03  -3.10193E-01
         182   3.50541E-01   1.25246E-03  -5.75667E-03  -3.10189E-01
         183   3.52541E-01   1.25269E-03  -5.73786E-03  -3.10236E-01
         184   3.54541E-01   1.25297E-03  -5.64831E-03  -3.10304E-01
         185   3.56541E-01   1.25352E-03  -5.69159E-03  -3.10418E-01
         186   3.58541E-01   1.25402E-03  -5.74052E-03  -3.10533E-01
         187   3.60541E-01   1.25448E-03  -5.81269E-03  -3.10636E-01
         188   3.62541E-01   1.25487E-03  -5.84840E-03  -3.10714E-01
         189   3.64541E-01   1.25518E-03  -5.86504E-03  -3.10794E-01
         190   3.66541E-01   1.25553E-03  -5.93585E-03  -3.10862E-01
         191   3.68541E-01   1.25576E-03  -5.92947E-03  -3.10915E-01
         192   3.70541E-01   1.25607E-03  -5.93172E-03  -3.10974E-01
         193   3.72541E-01   1.25627E-03  -5.91077E-03  -3.11053E-01
         194   3.74541E-01   1.25655E-03  -5.85934E-03  -3.11113E-01
         195   3.76541E-01   1.25691E-03  -5.86179E-03  -3.11208E-01
         196   3.78541E-01   1.25738E-03  -5.89591E-03  -3.11296E-01
         197   3.80541E-01   1.25776E-03  -5.95221E-03  -3.11398E-01
         198   3.82541E-01   1.25798E-03  -5.96340E-03  -3.11464E-01
         199   3.84541E-01   1.25823E-03  -5.91677E-03  -3.11514E-01
         200   3.86541E-01   1.25855E-03  -5.91069E-03  -3.11599E-01
         201   3.88541E-01   1.25889E-03  -5.94675E-03  -3.11682E-01
         202   3.90541E-01   1.25917E-03  -6.01315E-03  -3.11749E-01
         203   3.92541E-01   1.25933E-03  -6.02492E-03  -3.11785E-01
         204   3.94541E-01   1.25944E-03  -6.02176E-03  -3.11820E-01
         205   3.96541E-01   1.25957E-03  -6.05625E-03  -3.11849E-01
         206   3.98541E-01   1.25962E-03  -6.11060E-03  -3.11866E-01
         207   4.00541E-01   1.25941E-03  -6.09196E-03  -3.11849E-01
         208   4.02541E-01   1.25929E-03  -6.06594E-03  -3.11808E-01
         209   4.04541E-01   1.25909E-03  -6.05177E-03  -3.11791E-01
         210   4.06541E-01   1.25901E-03  -5.99987E-03  -3.11747E-01
         211   4.08541E-01   1.25897E-03  -5.97063E-03  -3.11754E-01
         212   4.10541E-01   1.25902E-03  -5.88157E-03  -3.11758E-01
         213   4.12541E-01   1.25931E-03  -5.88669E-03  -3.11815E-01
         214   4.14541E-01   1.25960E-03  -5.90910E-03  -3.11885E-01
         215   4.16541E-01   1.25989E-03  -5.94767E-03  -3.11944E-01
         216   4.18541E-01   1.26013E-03  -5.99071E-03  -3.11999E-01
         217   4.20541E-01   1.26035E-03  -5.99151E-03  -3.12037E-01
         218   4.22541E-01   1.26051E-03  -6.02051E-03  -3.12091E-01
         219   4.24541E-01   1.26067E-03  -6.03139E-03  -3.12118E-01
         220   4.26541E-01   1.26066E-03  -6.02472E-03  -3.12152E-01
         221   4.28541E-01   1.26061E-03  -6.01441E-03  -3.12153E-01
         222   4.30541E-01   1.26060E-03  -6.03275E-03  -3.12145E-01
         223   4.32541E-01   1.26043E-03  -6.12220E-03  -3.12134E-01
         224   4.34541E-01   1.26021E-03  -6.08748E-03  -3.12048E-01
         225   4.36541E-01   1.26010E-03  -6.09391E-03  -3.12010E-01
         226   4.38541E-01   1.25977E-03  -6.12343E-03  -3.11978E-01
         227   4.40541E-01   1.25949E-03  -6.17049E-03  -3.11880E-01
         228   4.42541E-01   1.25904E-03  -6.11533E-03  -3.11788E-01
         229   4.44541E-01   1.25876E-03  -6.00773E-03  -3.11703E-01
         230   4.46541E-01   1.25863E-03  -5.97044E-03  -3.11685E-01
         231   4.48541E-01   1.25861E-03  -5.97073E-03  -3.11673E-01
         232   4.50541E-01   1.25842E-03  -5.97739E-03  -3.11667E-01
         233   4.52541E-01   1.25819E-03  -5.97743E-03  -3.11617E-01
         234   4.54541E-01   1.25772E-03  -5.94437E-03  -3.11560E-01
         235   4.56541E-01   1.25761E-03  -5.90160E-03  -3.11458E-01
         236   4.58541E-01   1.25751E-03  -5.90666E-03  -3.11452E-01
         237   4.60541E-01   1.25755E-03  -5.87569E-03  -3.11425E-01
         238   4.62541E-01   1.25756E-03  -5.89199E-03  -3.11449E-01
         239   4.64541E-01   1.25770E-03  -5.80227E-03  -3.11444E-01
         240   4.66541E-01   1.25792E-03  -5.81511E-03  -3.11523E-01
         241   4.68541E-01   1.25813E-03  -5.79759E-03  -3.11573E-01
         242   4.70541E-01   1.25831E-03  -5.72036E-03  -3.11633E-01
         243   4.72541E-01   1.25897E-03  -5.71953E-03  -3.11718E-01
         244   4.74541E-01   1.25944E-03  -5.81694E-03  -3.11882E-01
         245   4.76541E-01   1.25993E-03  -5.81070E-03  -3.11952E-01
         246   4.78541E-01   1.26028E-03  -5.85408E-03  -3.12076E-01
         247   4.80541E-01   1.26083E-03  -5.83408E-03  -3.12142E-01
         248   4.82541E-01   1.26125E-03  -5.90033E-03  -3.12290E-01
         249   4.84541E-01   1.26155E-03  -5.87380E-03  -3.12362E-01
         250   4.86529E-01   1.26208E-03  -5.91747E-03  -3.12450E-01
         251   4.88508E-01   1.26241E-03  -6.01925E-03  -3.12560E-01
         252   4.90481E-01   1.26259E-03  -6.06923E-03  -3.12593E-01
         253   4.92451E-01   1.26266E-03  -6.13594E-03  -3.12612E-01
         254   4.94421E-01   1.26253E-03  -6.18499E-03  -3.12597E-01
         255   4.96395E-01   1.26227E-03  -6.20248E-03  -3.12539E-01
         256   4.98383E-01   1.26215E-03  -6.17049E-03  -3.12467E-01
         257   5.00380E-01   1.26212E-03  -6.14649E-03  -3.12453E-01
         258   5.02379E-01   1.26214E-03  -6.07971E-03  -3.12456E-01
         259   5.04379E-01   1.26227E-03  -6.02905E-03  -3.12496E-01
         260   5.06379E-01   1.26243E-03  -6.06982E-03  -3.12554E-01
         261   5.08379E-01   1.26263E-03  -6.06861E-03  -3.12573E-01
         262   5.10379E-01   1.26277E-03  -6.02477E-03  -3.12622E-01
         263   5.12379E-01   1.26320E-03  -6.02828E-03  -3.12680E-01
         264   5.14379E-01   1.26342E-03  -6.04640E-03  -3.12787E-01
         265   5.16379E-01   1.26355E-03  -5.99456E-03  -3.12832E-01
         266   5.18379E-01   1.26373E-03  -5.94260E-03  -3.12890E-01
         267   5.20379E-01   1.26399E-03  -5.85853E-03  -3.12960E-01
         268   5.22379E-01   1.26444E-03  -5.85669E-03  -3.13068E-01
         269   5.24379E-01   1.26491E-03  -5.89726E-03  -3.13181E-01
         270   5.26379E-01   1.26535E-03  -5.94791E-03  -3.13278E-01
         271   5.28379E-01   1.26575E-03  -5.98089E-03  -3.13364E-01
         272   5.30379E-01   1.26602E-03  -6.01418E-03  -3.13447E-01
         273   5.32379E-01   1.26629E-03  -5.97993E-03  -3.13497E-01
         274   5.34379E-01   1.26662E-03  -5.97025E-03  -3.13582E-01
         275   5.36379E-01   1.26723E-03  -6.03046E-03  -3.13669E-01
         276   5.38379E-01   1.26756E-03  -6.09976E-03  -3.13793E-01
         277   5.40379E-01   1.26752E-03  -6.13472E-03  -3.13839E-01
         278   5.42379E-01   1.26746E-03  -6.13984E-03  -3.13812E-01
         279   5.44379E-01   1.26726E-03  -6.13570E-03  -3.13796E-01
         280   5.46379E-01   1.26716E-03  -6.01391E-03  -3.13747E-01
         281   5.48379E-01   1.26732E-03  -5.96811E-03  -3.13784E-01
         282   5.50379E-01   1.26776E-03  -5.95284E-03  -3.13847E-01
         283   5.52379E-01   1.26811E-03  -6.06747E-03  -3.13964E-01
         284   5.54379E-01   1.26817E-03  -6.07858E-03  -3.13994E-01
         285   5.56379E-01   1.26819E-03  -5.94672E-03  -3.14003E-01
         286   5.58379E-01   1.26862E-03  -5.97763E-03  -3.14075E-01
         287   5.60379E-01   1.26897E-03  -6.03413E-03  -3.14165E-01
         288   5.62379E-01   1.26914E-03  -6.04043E-03  -3.14225E-01
         289   5.64379E-01   1.26930E-03  -5.96603E-03  -3.14264E-01
         290   5.66379E-01   1.26948E-03  -5.94232E-03  -3.14341E-01
         291   5.68379E-01   1.26979E-03  -5.89748E-03  -3.14398E-01
         292   5.70379E-01   1.27035E-03  -5.92570E-03  -3.14498E-01
         293   5.72379E-01   1.27082E-03  -6.04972E-03  -3.14626E-01
         294   5.74379E-01   1.27083E-03  -6.10385E-03  -3.14681E-01
         295   5.76379E-01   1.27066E-03  -6.09393E-03  -3.14655E-01
         296   5.78379E-01   1.27033E-03  -6.03782E-03  -3.14618E-01
         297   5.80379E-01   1.27016E-03  -5.97686E-03  -3.14564E-01
         298   5.82379E-01   1.26992E-03  -5.91015E-03  -3.14551E-01
         299   5.84379E-01   1.26971E-03  -5.79870E-03  -3.14524E-01
         300   5.86379E-01   1.26980E-03  -5.81360E-03  -3.14527E-01
         301   5.88379E-01   1.26982E-03  -5.82197E-03  -3.14544E-01
         302   5.90379E-01   1.26979E-03  -5.86968E-03  -3.14543E-01
         303   5.92379E-01   1.26968E-03  -5.84661E-03  -3.14513E-01
         304   5.94379E-01   1.26988E-03  -5.80924E-03  -3.14498E-01
         305   5.96379E-01   1.27003E-03  -5.83716E-03  -3.14566E-01
         306   5.98379E-01   1.27015E-03  -5.87970E-03  -3.14588E-01
         307   6.00379E-01   1.27041E-03  -5.90470E-03  -3.14598E-01
         308   6.02379E-01   1.27044E-03  -6.01029E-03  -3.14651E-01
         309   6.04379E-01   1.27040E-03  -5.98361E-03  -3.14605E-01
         310   6.06379E-01   1.27056E-03  -5.99059E-03  -3.14609E-01
         311   6.08379E-01   1.27084E-03  -6.12180E-03  -3.14645E-01
         312   6.10379E-01   1.27098E-03  -6.20098E-03  -3.14648E-01
         313   6.12379E-01   1.27076E-03  -6.27484E-03  -3.14645E-01
         314   6.14376E-01   1.27019E-03  -6.27712E-03  -3.14554E-01
         315   6.16312E-01   1.26959E-03  -6.15707E-03  -3.14409E-01
         316   6.18201E-01   1.26912E-03  -6.01291E-03  -3.14320E-01
         317   6.20068E-01   1.26895E-03  -5.95087E-03  -3.14274E-01
         318   6.21938E-01   1.26898E-03  -5.87056E-03  -3.14262E-01
         319   6.23836E-01   1.26916E-03  -5.84312E-03  -3.14309E-01
         320   6.25806E-01   1.26942E-03  -5.80835E-03  -3.14368E-01
         321   6.27797E-01   1.26992E-03  -5.75337E-03  -3.14451E-01
         322   6.29794E-01   1.27076E-03  -5.79973E-03  -3.14604E-01
         323   6.31793E-01   1.27147E-03  -5.92043E-03  -3.14790E-01
         324   6.33793E-01   1.27184E-03  -5.93817E-03  -3.14906E-01
         325   6.35793E-01   1.27219E-03  -5.91754E-03  -3.14991E-01
         326   6.37793E-01   1.27291E-03  -5.93784E-03  -3.15089E-01
         327   6.39793E-01   1.27365E-03  -6.01290E-03  -3.15260E-01
         328   6.41793E-01   1.27433E-03  -6.06925E-03  -3.15407E-01
         329   6.43793E-01   1.27492E-03  -6.18223E-03  -3.15548E-01
         330   6.45793E-01   1.27535E-03  -6.22962E-03  -3.15639E-01
         331   6.47793E-01   1.27567E-03  -6.31743E-03  -3.15722E-01
         332   6.49793E-01   1.27573E-03  -6.43198E-03  -3.15759E-01
         333   6.51793E-01   1.27538E-03  -6.36755E-03  -3.15716E-01
         334   6.53793E-01   1.27535E-03  -6.26365E-03  -3.15661E-01
         335   6.55793E-01   1.27553E-03  -6.25301E-03  -3.15706E-01
         336   6.57793E-01   1.27555E-03  -6.21724E-03  -3.15757E-01
         337   6.59793E-01   1.27566E-03  -6.19450E-03  -3.15780E-01
         338   6.61793E-01   1.27589E-03  -6.15378E-03  -3.15817E-01
         339   6.63793E-01   1.27626E-03  -6.20501E-03  -3.15897E-01
         340   6.65793E-01   1.27650E-03  -6.27886E-03  -3.15963E-01
         341   6.67793E-01   1.27667E-03  -6.27114E-03  -3.15986E-01
         342   6.69793E-01   1.27679E-03  -6.24682E-03  -3.16031E-01
         343   6.71793E-01   1.27711E-03  -6.24572E-03  -3.16075E-01
         344   6.73793E-01   1.27744E-03  -6.29445E-03  -3.16155E-01
         345   6.75793E-01   1.27759E-03  -6.22992E-03  -3.16212E-01
         346   6.77793E-01   1.27769E-03  -6.22993E-03  -3.16282E-01
         347   6.79793E-01   1.27781E-03  -6.18644E-03  -3.16307E-01
         348   6.81793E-01   1.27792E-03  -6.18667E-03  -3.16359E-01
         349   6.83793E-01   1.27806E-03  -6.14512E-03  -3.16386E-01
         350   6.85793E-01   1.27828E-03  -6.19002E-03  -3.16442E-01
         351   6.87793E-01   1.27802E-03  -6.18397E-03  -3.16474E-01
         352   6.89793E-01   1.27780E-03  -6.10962E-03  -3.16412E-01
         353   6.91793E-01   1.27755E-03  -6.04828E-03  -3.16395E-01
         354   6.93793E-01   1.27732E-03  -5.95367E-03  -3.16364E-01
         355   6.95793E-01   1.27732E-03  -5.86560E-03  -3.16353E-01
         356   6.97793E-01   1.27754E-03  -5.79061E-03  -3.16396E-01
         357   6.99793E-01   1.27802E-03  -5.66323E-03  -3.16489E-01
         358   7.01793E-01   1.27874E-03  -5.67891E-03  -3.16672E-01
         359   7.03793E-01   1.27948E-03  -5.66594E-03  -3.16847E-01
         360   7.05793E-01   1.28036E-03  -5.73948E-03  -3.17037E-01
         361   7.07793E-01   1.28106E-03  -5.83834E-03  -3.17222E-01
         362   7.09793E-01   1.28148E-03  -5.80041E-03  -3.17346E-01
         363   7.11793E-01   1.28192E-03  -5.84519E-03  -3.17471E-01
         364   7.13793E-01   1.28229E-03  -5.70040E-03  -3.17556E-01
         365   7.15793E-01   1.28311E-03  -5.66048E-03  -3.17722E-01
         366   7.17793E-01   1.28394E-03  -5.74005E-03  -3.17946E-01
         367   7.19793E-01   1.28464E-03  -5.85579E-03  -3.18114E-01
         368   7.21793E-01   1.28487E-03  -5.87466E-03  -3.18231E-01
         369   7.23793E-01   1.28489E-03  -5.83179E-03  -3.18279E-01
         370   7.25793E-01   1.28500E-03  -5.74055E-03  -3.18306E-01
         371   7.27793E-01   1.28518E-03  -5.70540E-03  -3.18379E-01
         372   7.29793E-01   1.28573E-03  -5.65256E-03  -3.18443E-01
         373   7.31793E-01   1.28649E-03  -5.72483E-03  -3.18606E-01
         374   7.33793E-01   1.28714E-03  -5.80493E-03  -3.18760E-01
         375   7.35793E-01   1.28739E-03  -5.77869E-03  -3.18882E-01
         376   7.37793E-01   1.28794E-03  -5.74023E-03  -3.18959E-01
         377   7.39793E-01   1.28853E-03  -5.82171E-03  -3.19114E-01
         378   7.41776E-01   1.28895E-03  -5.83842E-03  -3.19222E-01
         379   7.43715E-01   1.28940E-03  -5.93464E-03  -3.19318E-01
         380   7.45624E-01   1.28955E-03  -6.03918E-03  -3.19383E-01
         381   7.47523E-01   1.28948E-03  -6.04083E-03  -3.19368E-01
         382   7.49431E-01   1.28925E-03  -6.03965E-03  -3.19349E-01
         383   7.51368E-01   1.28902E-03  -6.00544E-03  -3.19292E-01
         384   7.53349E-01   1.28879E-03  -5.97185E-03  -3.19252E-01
         385   7.55343E-01   1.28882E-03  -5.96842E-03  -3.19213E-01
         386   7.57342E-01   1.28897E-03  -6.03858E-03  -3.19221E-01
         387   7.59341E-01   1.28901E-03  -6.12527E-03  -3.19224E-01
         388   7.61341E-01   1.28894E-03  -6.21421E-03  -3.19189E-01
         389   7.63341E-01   1.28855E-03  -6.32126E-03  -3.19128E-01
         390   7.65341E-01   1.28774E-03  -6.35917E-03  -3.18978E-01
         391   7.67341E-01   1.28709E-03  -6.31132E-03  -3.18755E-01
         392   7.69341E-01   1.28652E-03  -6.37654E-03  -3.18617E-01
         393   7.71341E-01   1.28581E-03  -6.33475E-03  -3.18441E-01
         394   7.73341E-01   1.28522E-03  -6.25791E-03  -3.18284E-01
         395   7.75341E-01   1.28451E-03  -6.18382E-03  -3.18177E-01
         396   7.77341E-01   1.28428E-03  -6.08650E-03  -3.18036E-01
         397   7.79341E-01   1.28405E-03  -6.13635E-03  -3.18026E-01
         398   7.81341E-01   1.28342E-03  -6.10386E-03  -3.17944E-01
         399   7.83341E-01   1.28306E-03  -6.03509E-03  -3.17802E-01
         400   7.85341E-01   1.28284E-03  -6.08763E-03  -3.17746E-01
         401   7.87341E-01   1.28239E-03  -6.13852E-03  -3.17667E-01
         402   7.89341E-01   1.28194E-03  -6.11312E-03  -3.17529E-01
         403   7.91341E-01   1.28157E-03  -6.18732E-03  -3.17428E-01
         404   7.93341E-01   1.28100E-03  -6.18859E-03  -3.17298E-01
         405   7.95341E-01   1.28040E-03  -6.12616E-03  -3.17155E-01
         406   7.97341E-01   1.28007E-03  -6.03990E-03  -3.17037E-01
         407   7.99341E-01   1.27989E-03  -6.03055E-03  -3.16997E-01
         408   8.01341E-01   1.27961E-03  -6.00702E-03  -3.16956E-01
         409   8.03341E-01   1.27938E-03  -5.97347E-03  -3.16900E-01
         410   8.05341E-01   1.27926E-03  -5.93865E-03  -3.16857E-01
         411   8.07341E-01   1.27905E-03  -5.90476E-03  -3.16845E-01
         412   8.09341E-01   1.27894E-03  -5.80732E-03  -3.16810E-01
         413   8.11341E-01   1.27899E-03  -5.82708E-03  -3.16830E-01
         414   8.13341E-01   1.27907E-03  -5.85012E-03  -3.16835E-01
         415   8.15341E-01   1.27899E-03  -5.91040E-03  -3.16842E-01
         416   8.17341E-01   1.27888E-03  -5.95450E-03  -3.16794E-01
         417   8.19341E-01   1.27861E-03  -5.95134E-03  -3.16744E-01
         418   8.21341E-01   1.27830E-03  -5.85034E-03  -3.16676E-01
         419   8.23341E-01   1.27828E-03  -5.89813E-03  -3.16649E-01
         420   8.25341E-01   1.27809E-03  -5.82574E-03  -3.16620E-01
         421   8.27341E-01   1.27819E-03  -5.81348E-03  -3.16610E-01
         422   8.29341E-01   1.27832E-03  -5.84587E-03  -3.16641E-01
         423   8.31341E-01   1.27867E-03  -5.91873E-03  -3.16657E-01
         424   8.33341E-01   1.27883E-03  -6.02857E-03  -3.16708E-01
         425   8.35341E-01   1.27889E-03  -6.07736E-03  -3.16693E-01
         426   8.37341E-01   1.27873E-03  -6.12066E-03  -3.16683E-01
         427   8.39341E-01   1.27857E-03  -6.13139E-03  -3.16623E-01
         428   8.41341E-01   1.27822E-03  -6.13326E-03  -3.16576E-01
         429   8.43341E-01   1.27770E-03  -6.09802E-03  -3.16488E-01
         430   8.45341E-01   1.27718E-03  -6.08217E-03  -3.16377E-01
         431   8.47341E-01   1.27679E-03  -6.00709E-03  -3.16253E-01
         432   8.49341E-01   1.27651E-03  -6.00759E-03  -3.16194E-01
         433   8.51326E-01   1.27610E-03  -5.91560E-03  -3.16123E-01
         434   8.53271E-01   1.27606E-03  -5.82707E-03  -3.16068E-01
         435   8.55175E-01   1.27627E-03  -5.84153E-03  -3.16101E-01
         436   8.57054E-01   1.27656E-03  -5.80327E-03  -3.16147E-01
         437   8.58919E-01   1.27705E-03  -5.95324E-03  -3.16238E-01
         438   8.60780E-01   1.27735E-03  -6.02716E-03  -3.16287E-01
         439   8.62653E-01   1.27748E-03  -6.04413E-03  -3.16323E-01
         440   8.64552E-01   1.27758E-03  -5.97408E-03  -3.16349E-01
         441   8.66509E-01   1.27798E-03  -5.93272E-03  -3.16408E-01
         442   8.68497E-01   1.27864E-03  -5.97460E-03  -3.16530E-01
         443   8.70493E-01   1.27907E-03  -6.04302E-03  -3.16673E-01
         444   8.72492E-01   1.27927E-03  -6.05462E-03  -3.16746E-01
         445   8.74491E-01   1.27953E-03  -6.00209E-03  -3.16791E-01
         446   8.76491E-01   1.28016E-03  -6.00506E-03  -3.16882E-01
         447   8.78491E-01   1.28066E-03  -6.14456E-03  -3.17037E-01
         448   8.80491E-01   1.28094E-03  -6.15180E-03  -3.17094E-01
         449   8.82491E-01   1.28160E-03  -6.22346E-03  -3.17159E-01
         450   8.84491E-01   1.28202E-03  -6.41537E-03  -3.17287E-01
         451   8.86491E-01   1.28204E-03  -6.39958E-03  -3.17298E-01
         452   8.88491E-01   1.28183E-03  -6.45049E-03  -3.17309E-01
         453   8.90491E-01   1.28136E-03  -6.44612E-03  -3.17232E-01
         454   8.92491E-01   1.28072E-03  -6.34242E-03  -3.17118E-01
         455   8.94491E-01   1.28042E-03  -6.31614E-03  -3.17009E-01
         456   8.96491E-01   1.28017E-03  -6.33850E-03  -3.16948E-01
         457   8.98491E-01   1.27979E-03  -6.32735E-03  -3.16872E-01
         458   9.00491E-01   1.27962E-03  -6.25087E-03  -3.16784E-01
         459   9.02491E-01   1.27985E-03  -6.25387E-03  -3.16780E-01
         460   9.04491E-01   1.27993E-03  -6.28513E-03  -3.16837E-01
         461   9.06491E-01   1.28010E-03  -6.35696E-03  -3.16841E-01
         462   9.08491E-01   1.28032E-03  -6.39125E-03  -3.16846E-01
         463   9.10491E-01   1.28013E-03  -6.48278E-03  -3.16885E-01
         464   9.12491E-01   1.27968E-03  -6.41343E-03  -3.16791E-01
         465   9.14491E-01   1.27975E-03  -6.37990E-03  -3.16714E-01
         466   9.16491E-01   1.27953E-03  -6.49143E-03  -3.16747E-01
         467   9.18459E-01   1.27897E-03  -6.46446E-03  -3.16637E-01
         468   9.20405E-01   1.27851E-03  -6.40606E-03  -3.16511E-01
         469   9.22343E-01   1.27805E-03  -6.39654E-03  -3.16424E-01
         470   9.24285E-01   1.27772E-03  -6.35255E-03  -3.16313E-01
         471   9.26246E-01   1.27730E-03  -6.34138E-03  -3.16255E-01
         472   9.28235E-01   1.27693E-03  -6.26961E-03  -3.16154E-01
         473   9.30231E-01   1.27682E-03  -6.20446E-03  -3.16099E-01
         474   9.32230E-01   1.27712E-03  -6.25858E-03  -3.16102E-01
         475   9.34230E-01   1.27713E-03  -6.33447E-03  -3.16150E-01
         476   9.36230E-01   1.27688E-03  -6.33910E-03  -3.16115E-01
         477   9.38230E-01   1.27679E-03  -6.25374E-03  -3.16050E-01
         478   9.40230E-01   1.27673E-03  -6.23629E-03  -3.16071E-01
         479   9.42230E-01   1.27664E-03  -6.26309E-03  -3.16063E-01
         480   9.44230E-01   1.27650E-03  -6.22680E-03  -3.16030E-01
         481   9.46230E-01   1.27667E-03  -6.18115E-03  -3.16011E-01
         482   9.48230E-01   1.27689E-03  -6.21432E-03  -3.16077E-01
         483   9.50230E-01   1.27695E-03  -6.29773E-03  -3.16114E-01
         484   9.52230E-01   1.27683E-03  -6.24754E-03  -3.16088E-01
         485   9.54230E-01   1.27704E-03  -6.26962E-03  -3.16084E-01
         486   9.56230E-01   1.27688E-03  -6.39649E-03  -3.16125E-01
         487   9.58230E-01   1.27676E-03  -6.38014E-03  -3.16021E-01
         488   9.60230E-01   1.27649E-03  -6.32011E-03  -3.16001E-01
         489   9.62230E-01   1.27642E-03  -6.35894E-03  -3.15962E-01
         490   9.64230E-01   1.27635E-03  -6.40616E-03  -3.15924E-01
         491   9.66230E-01   1.27639E-03  -6.46464E-03  -3.15886E-01
         492   9.68230E-01   1.27631E-03  -6.58468E-03  -3.15865E-01
         493   9.70230E-01   1.27619E-03  -6.62573E-03  -3.15784E-01
         494   9.72230E-01   1.27605E-03  -6.67474E-03  -3.15734E-01
         495   9.74230E-01   1.27573E-03  -6.72427E-03  -3.15675E-01
         496   9.76230E-01   1.27546E-03  -6.72723E-03  -3.15570E-01
         497   9.78230E-01   1.27509E-03  -6.76134E-03  -3.15501E-01
         498   9.80230E-01   1.27426E-03  -6.73360E-03  -3.15391E-01
         499   9.82230E-01   1.27364E-03  -6.49502E-03  -3.15199E-01
         500   9.84181E-01   1.27335E-03  -6.48398E-03  -3.15163E-01
         501   9.86127E-01   1.27323E-03  -6.37405E-03  -3.15097E-01
         502   9.88110E-01   1.27341E-03  -6.40283E-03  -3.15120E-01
         503   9.90105E-01   1.27355E-03  -6.42367E-03  -3.15152E-01
         504   9.92104E-01   1.27378E-03  -6.51482E-03  -3.15175E-01
         505   9.94103E-01   1.27395E-03  -6.58722E-03  -3.15187E-01
         506   9.96103E-01   1.27376E-03  -6.55273E-03  -3.15195E-01
         507   9.98103E-01   1.27321E-03  -6.46013E-03  -3.15164E-01
         508   1.00010E+00   1.27340E-03  -6.30920E-03  -3.15074E-01
