    Timestep          Time             Y          Rise        Inflow
      number                    centroid      velocity      velocity
           1   2.00000E-03  -2.13490E-18   3.54766E-02   5.33725E-16
           2   4.00000E-03   7.21569E-05   5.00833E-02  -1.77383E-02
           3   6.00000E-03   1.73674E-04   5.41933E-02  -4.30809E-02
           4   8.00000E-03   2.83139E-04   5.33862E-02  -7.05151E-02
           5   1.00000E-02   3.90467E-04   5.04488E-02  -9.74778E-02
           6   1.20000E-02   4.91800E-04   4.64983E-02  -1.22841E-01
           7   1.40000E-02   5.85020E-04   4.22077E-02  -1.46199E-01
           8   1.60000E-02   6.69540E-04   3.79538E-02  -1.67359E-01
           9   1.80000E-02   7.45573E-04   3.33049E-02  -1.86362E-01
          10   2.00000E-02   8.12290E-04   2.87267E-02  -2.03046E-01
          11   2.20000E-02   8.70047E-04   2.47445E-02  -2.17436E-01
          12   2.40000E-02   9.19938E-04   2.07526E-02  -2.29884E-01
          13   2.60000E-02   9.61444E-04   1.74517E-02  -2.40361E-01
          14   2.80000E-02   9.96584E-04   1.48324E-02  -2.49087E-01
          15   3.00000E-02   1.02652E-03   1.24586E-02  -2.56562E-01
          16   3.20000E-02   1.05171E-03   1.01801E-02  -2.62859E-01
          17   3.40000E-02   1.07290E-03   8.06958E-03  -2.68018E-01
          18   3.60000E-02   1.09064E-03   6.37334E-03  -2.72260E-01
          19   3.80000E-02   1.10548E-03   4.83534E-03  -2.75846E-01
          20   4.00000E-02   1.11803E-03   3.17754E-03  -2.78788E-01
          21   4.20000E-02   1.12872E-03   1.54275E-03  -2.81097E-01
          22   4.40000E-02   1.13661E-03  -3.70187E-04  -2.82950E-01
          23   4.60000E-02   1.14065E-03  -1.57723E-03  -2.83966E-01
          24   4.80000E-02   1.14179E-03  -2.28894E-03  -2.84374E-01
          25   5.00000E-02   1.13969E-03  -2.80174E-03  -2.84302E-01
          26   5.20000E-02   1.13597E-03  -3.08024E-03  -2.83521E-01
          27   5.40000E-02   1.13262E-03  -3.09803E-03  -2.82453E-01
          28   5.60000E-02   1.13025E-03  -3.16859E-03  -2.81605E-01
          29   5.80000E-02   1.12886E-03  -3.35494E-03  -2.80978E-01
          30   6.00000E-02   1.12722E-03  -3.67041E-03  -2.80537E-01
          31   6.20000E-02   1.12521E-03  -3.86277E-03  -2.79971E-01
          32   6.40000E-02   1.12339E-03  -4.02266E-03  -2.79372E-01
          33   6.60000E-02   1.12163E-03  -4.18372E-03  -2.78836E-01
          34   6.80000E-02   1.11978E-03  -4.40394E-03  -2.78316E-01
          35   7.00000E-02   1.11773E-03  -4.82086E-03  -2.77742E-01
          36   7.20000E-02   1.11486E-03  -5.00715E-03  -2.77022E-01
          37   7.40000E-02   1.11176E-03  -5.03593E-03  -2.76212E-01
          38   7.60000E-02   1.10878E-03  -4.92571E-03  -2.75423E-01
          39   7.80000E-02   1.10511E-03  -4.76616E-03  -2.74732E-01
          40   8.00000E-02   1.10140E-03  -4.58389E-03  -2.73896E-01
          41   8.20000E-02   1.09785E-03  -4.46818E-03  -2.73059E-01
          42   8.40000E-02   1.09410E-03  -4.49716E-03  -2.72229E-01
          43   8.60000E-02   1.09019E-03  -4.38727E-03  -2.71278E-01
          44   8.80000E-02   1.08654E-03  -4.20279E-03  -2.70354E-01
          45   9.00000E-02   1.08388E-03  -4.15797E-03  -2.69533E-01
          46   9.20000E-02   1.08177E-03  -4.27030E-03  -2.68891E-01
          47   9.40000E-02   1.07981E-03  -4.23318E-03  -2.68307E-01
          48   9.60000E-02   1.07831E-03  -4.35322E-03  -2.67836E-01
          49   9.80000E-02   1.07652E-03  -4.48953E-03  -2.67402E-01
          50   1.00000E-01   1.07520E-03  -4.58468E-03  -2.66885E-01
          51   1.02000E-01   1.07425E-03  -4.85615E-03  -2.66507E-01
          52   1.04000E-01   1.07339E-03  -5.14862E-03  -2.66134E-01
          53   1.06000E-01   1.07245E-03  -5.47068E-03  -2.65773E-01
          54   1.08000E-01   1.07063E-03  -5.72085E-03  -2.65378E-01
          55   1.10000E-01   1.06797E-03  -5.75510E-03  -2.64797E-01
          56   1.12000E-01   1.06508E-03  -5.62517E-03  -2.64114E-01
          57   1.14000E-01   1.06110E-03  -5.45646E-03  -2.63457E-01
          58   1.16000E-01   1.05835E-03  -4.96819E-03  -2.62547E-01
          59   1.18000E-01   1.05633E-03  -4.95192E-03  -2.62103E-01
          60   1.20000E-01   1.05399E-03  -4.86339E-03  -2.61607E-01
          61   1.22000E-01   1.05207E-03  -4.65715E-03  -2.61067E-01
          62   1.24000E-01   1.05062E-03  -4.57700E-03  -2.60689E-01
          63   1.26000E-01   1.04876E-03  -4.51738E-03  -2.60367E-01
          64   1.28000E-01   1.04653E-03  -4.23250E-03  -2.59932E-01
          65   1.30000E-01   1.04423E-03  -3.96809E-03  -2.59515E-01
          66   1.32000E-01   1.04307E-03  -3.66971E-03  -2.59074E-01
          67   1.34000E-01   1.04232E-03  -3.68654E-03  -2.58932E-01
          68   1.36000E-01   1.04118E-03  -3.68553E-03  -2.58738E-01
          69   1.38000E-01   1.04104E-03  -3.62085E-03  -2.58451E-01
          70   1.40000E-01   1.04085E-03  -3.89712E-03  -2.58449E-01
          71   1.42000E-01   1.04022E-03  -3.99830E-03  -2.58265E-01
          72   1.44000E-01   1.03958E-03  -4.15016E-03  -2.58056E-01
          73   1.46000E-01   1.03892E-03  -4.32963E-03  -2.57821E-01
          74   1.48000E-01   1.03796E-03  -4.60347E-03  -2.57565E-01
          75   1.50000E-01   1.03652E-03  -4.81196E-03  -2.57188E-01
          76   1.52000E-01   1.03474E-03  -5.00761E-03  -2.56724E-01
          77   1.54000E-01   1.03269E-03  -5.09537E-03  -2.56180E-01
          78   1.56000E-01   1.03043E-03  -5.25160E-03  -2.55625E-01
          79   1.58000E-01   1.02785E-03  -5.27191E-03  -2.54982E-01
          80   1.60000E-01   1.02511E-03  -5.31323E-03  -2.54328E-01
          81   1.62000E-01   1.02229E-03  -5.32257E-03  -2.53620E-01
          82   1.64000E-01   1.01939E-03  -5.26075E-03  -2.52910E-01
          83   1.66000E-01   1.01661E-03  -5.20652E-03  -2.52218E-01
          84   1.68000E-01   1.01388E-03  -5.12105E-03  -2.51550E-01
          85   1.70000E-01   1.01128E-03  -4.98967E-03  -2.50908E-01
          86   1.72000E-01   1.00875E-03  -4.85998E-03  -2.50324E-01
          87   1.74000E-01   1.00657E-03  -4.74744E-03  -2.49757E-01
          88   1.76000E-01   1.00455E-03  -4.66312E-03  -2.49269E-01
          89   1.78000E-01   1.00301E-03  -4.52308E-03  -2.48805E-01
          90   1.80000E-01   1.00178E-03  -4.47741E-03  -2.48492E-01
          91   1.82000E-01   1.00061E-03  -4.34291E-03  -2.48207E-01
          92   1.84000E-01   9.99689E-04  -4.10015E-03  -2.47981E-01
          93   1.86000E-01   9.98947E-04  -3.82330E-03  -2.47872E-01
          94   1.88000E-01   9.98893E-04  -3.59772E-03  -2.47825E-01
          95   1.90000E-01   9.99345E-04  -3.58793E-03  -2.47924E-01
          96   1.92000E-01   9.99026E-04  -3.60051E-03  -2.48042E-01
          97   1.94000E-01   9.98096E-04  -3.38326E-03  -2.47956E-01
          98   1.96000E-01   9.98118E-04  -3.13071E-03  -2.47832E-01
          99   1.98000E-01   9.98855E-04  -3.08595E-03  -2.47964E-01
         100   2.00000E-01   9.99916E-04  -3.09542E-03  -2.48171E-01
         101   2.02000E-01   1.00108E-03  -3.17520E-03  -2.48431E-01
         102   2.04000E-01   1.00259E-03  -3.26764E-03  -2.48683E-01
         103   2.06000E-01   1.00404E-03  -3.45321E-03  -2.49014E-01
         104   2.08000E-01   1.00540E-03  -3.58758E-03  -2.49283E-01
         105   2.10000E-01   1.00720E-03  -3.76222E-03  -2.49555E-01
         106   2.12000E-01   1.00916E-03  -4.05210E-03  -2.49919E-01
         107   2.14000E-01   1.01081E-03  -4.37185E-03  -2.50263E-01
         108   2.16000E-01   1.01218E-03  -4.62320E-03  -2.50516E-01
         109   2.18000E-01   1.01313E-03  -4.82913E-03  -2.50733E-01
         110   2.20000E-01   1.01387E-03  -4.90716E-03  -2.50868E-01
         111   2.22000E-01   1.01480E-03  -4.98446E-03  -2.51014E-01
         112   2.24000E-01   1.01636E-03  -5.13149E-03  -2.51208E-01
         113   2.26000E-01   1.01812E-03  -5.38851E-03  -2.51525E-01
         114   2.28000E-01   1.01947E-03  -5.66748E-03  -2.51835E-01
         115   2.30000E-01   1.02052E-03  -5.85415E-03  -2.52035E-01
         116   2.32000E-01   1.02086E-03  -6.00259E-03  -2.52203E-01
         117   2.34000E-01   1.02071E-03  -5.98061E-03  -2.52214E-01
         118   2.36000E-01   1.02107E-03  -5.89158E-03  -2.52188E-01
         119   2.38000E-01   1.02178E-03  -5.93354E-03  -2.52321E-01
         120   2.40000E-01   1.02245E-03  -5.96286E-03  -2.52479E-01
         121   2.42000E-01   1.02301E-03  -5.91539E-03  -2.52631E-01
         122   2.44000E-01   1.02396E-03  -5.88684E-03  -2.52796E-01
         123   2.46000E-01   1.02514E-03  -6.06102E-03  -2.53047E-01
         124   2.48000E-01   1.02634E-03  -6.18559E-03  -2.53256E-01
         125   2.50000E-01   1.02746E-03  -6.45078E-03  -2.53493E-01
         126   2.52000E-01   1.02823E-03  -6.63820E-03  -2.53639E-01
         127   2.54000E-01   1.02923E-03  -6.76265E-03  -2.53738E-01
         128   2.56000E-01   1.03048E-03  -6.97418E-03  -2.53927E-01
         129   2.58000E-01   1.03159E-03  -7.11369E-03  -2.54133E-01
         130   2.60000E-01   1.03266E-03  -7.20617E-03  -2.54340E-01
         131   2.62000E-01   1.03373E-03  -7.30140E-03  -2.54563E-01
         132   2.64000E-01   1.03496E-03  -7.41949E-03  -2.54782E-01
         133   2.66000E-01   1.03594E-03  -7.57833E-03  -2.55031E-01
         134   2.68000E-01   1.03685E-03  -7.61911E-03  -2.55197E-01
         135   2.70000E-01   1.03766E-03  -7.69776E-03  -2.55402E-01
         136   2.72000E-01   1.03830E-03  -7.65907E-03  -2.55567E-01
         137   2.74000E-01   1.03872E-03  -7.60450E-03  -2.55745E-01
         138   2.76000E-01   1.03930E-03  -7.48221E-03  -2.55877E-01
         139   2.78000E-01   1.04027E-03  -7.39544E-03  -2.56083E-01
         140   2.80000E-01   1.04160E-03  -7.34048E-03  -2.56370E-01
         141   2.82000E-01   1.04306E-03  -7.34772E-03  -2.56731E-01
         142   2.84000E-01   1.04466E-03  -7.33709E-03  -2.57091E-01
         143   2.86000E-01   1.04622E-03  -7.33953E-03  -2.57497E-01
         144   2.88000E-01   1.04769E-03  -7.33628E-03  -2.57886E-01
         145   2.90000E-01   1.04915E-03  -7.34444E-03  -2.58256E-01
         146   2.92000E-01   1.05095E-03  -7.36124E-03  -2.58615E-01
         147   2.94000E-01   1.05281E-03  -7.52612E-03  -2.59058E-01
         148   2.96000E-01   1.05446E-03  -7.67743E-03  -2.59438E-01
         149   2.98000E-01   1.05578E-03  -7.81998E-03  -2.59777E-01
         150   3.00000E-01   1.05688E-03  -7.88064E-03  -2.60035E-01
         151   3.02000E-01   1.05789E-03  -7.88593E-03  -2.60279E-01
         152   3.04000E-01   1.05851E-03  -8.07871E-03  -2.60531E-01
         153   3.06000E-01   1.05893E-03  -8.17165E-03  -2.60587E-01
         154   3.08000E-01   1.05941E-03  -8.28647E-03  -2.60647E-01
         155   3.10000E-01   1.05938E-03  -8.39694E-03  -2.60710E-01
         156   3.12000E-01   1.05917E-03  -8.33745E-03  -2.60646E-01
         157   3.14000E-01   1.05888E-03  -8.32690E-03  -2.60624E-01
         158   3.16000E-01   1.05855E-03  -8.30602E-03  -2.60557E-01
         159   3.18000E-01   1.05830E-03  -8.28308E-03  -2.60483E-01
         160   3.20000E-01   1.05804E-03  -8.33581E-03  -2.60434E-01
         161   3.22000E-01   1.05765E-03  -8.36524E-03  -2.60343E-01
         162   3.24000E-01   1.05689E-03  -8.40751E-03  -2.60230E-01
         163   3.26000E-01   1.05621E-03  -8.40123E-03  -2.60018E-01
         164   3.28000E-01   1.05536E-03  -8.53724E-03  -2.59852E-01
         165   3.30000E-01   1.05406E-03  -8.60892E-03  -2.59571E-01
         166   3.32000E-01   1.05264E-03  -8.65681E-03  -2.59211E-01
         167   3.34000E-01   1.05104E-03  -8.80774E-03  -2.58831E-01
         168   3.36000E-01   1.04917E-03  -8.83285E-03  -2.58357E-01
         169   3.38000E-01   1.04718E-03  -8.83357E-03  -2.57877E-01
         170   3.40000E-01   1.04536E-03  -8.76920E-03  -2.57378E-01
         171   3.42000E-01   1.04344E-03  -8.82468E-03  -2.56956E-01
         172   3.44000E-01   1.04118E-03  -8.73145E-03  -2.56447E-01
         173   3.46000E-01   1.03911E-03  -8.53958E-03  -2.55929E-01
         174   3.48000E-01   1.03713E-03  -8.40808E-03  -2.55508E-01
         175   3.50000E-01   1.03519E-03  -8.20568E-03  -2.55077E-01
         176   3.52000E-01   1.03369E-03  -8.05894E-03  -2.54695E-01
         177   3.54000E-01   1.03208E-03  -7.91540E-03  -2.54393E-01
         178   3.56000E-01   1.03054E-03  -7.67076E-03  -2.54063E-01
         179   3.58000E-01   1.02939E-03  -7.41453E-03  -2.53800E-01
         180   3.60000E-01   1.02883E-03  -7.21472E-03  -2.53641E-01
         181   3.62000E-01   1.02883E-03  -7.09945E-03  -2.53600E-01
         182   3.64000E-01   1.02900E-03  -7.07946E-03  -2.53657E-01
         183   3.66000E-01   1.02920E-03  -7.02744E-03  -2.53710E-01
         184   3.68000E-01   1.02990E-03  -6.99333E-03  -2.53787E-01
         185   3.70000E-01   1.03083E-03  -7.07600E-03  -2.53978E-01
         186   3.72000E-01   1.03169E-03  -7.14608E-03  -2.54168E-01
         187   3.74000E-01   1.03252E-03  -7.19678E-03  -2.54349E-01
         188   3.76000E-01   1.03349E-03  -7.29902E-03  -2.54533E-01
         189   3.78000E-01   1.03385E-03  -7.39976E-03  -2.54723E-01
         190   3.80000E-01   1.03342E-03  -7.29855E-03  -2.54762E-01
         191   3.82000E-01   1.03231E-03  -7.07044E-03  -2.54707E-01
         192   3.84000E-01   1.03153E-03  -6.73439E-03  -2.54543E-01
         193   3.86000E-01   1.03127E-03  -6.43828E-03  -2.54514E-01
         194   3.88000E-01   1.03180E-03  -6.24775E-03  -2.54597E-01
         195   3.90000E-01   1.03254E-03  -6.18175E-03  -2.54826E-01
         196   3.92000E-01   1.03313E-03  -6.10983E-03  -2.55045E-01
         197   3.94000E-01   1.03449E-03  -6.03368E-03  -2.55226E-01
         198   3.96000E-01   1.03611E-03  -6.13488E-03  -2.55605E-01
         199   3.98000E-01   1.03795E-03  -6.25123E-03  -2.55960E-01
         200   4.00000E-01   1.03948E-03  -6.45205E-03  -2.56363E-01
         201   4.02000E-01   1.04061E-03  -6.50076E-03  -2.56645E-01
         202   4.04000E-01   1.04151E-03  -6.51894E-03  -2.56903E-01
         203   4.06000E-01   1.04260E-03  -6.52207E-03  -2.57118E-01
         204   4.08000E-01   1.04405E-03  -6.48338E-03  -2.57389E-01
         205   4.10000E-01   1.04602E-03  -6.51051E-03  -2.57770E-01
         206   4.12000E-01   1.04803E-03  -6.67254E-03  -2.58251E-01
         207   4.14000E-01   1.05016E-03  -6.88543E-03  -2.58670E-01
         208   4.16000E-01   1.05224E-03  -7.20238E-03  -2.59098E-01
         209   4.18000E-01   1.05369E-03  -7.46619E-03  -2.59459E-01
         210   4.20000E-01   1.05420E-03  -7.65771E-03  -2.59689E-01
         211   4.22000E-01   1.05457E-03  -7.68973E-03  -2.59721E-01
         212   4.24000E-01   1.05432E-03  -7.81438E-03  -2.59797E-01
         213   4.26000E-01   1.05420E-03  -7.73717E-03  -2.59672E-01
         214   4.28000E-01   1.05465E-03  -7.77331E-03  -2.59680E-01
         215   4.30000E-01   1.05508E-03  -7.94070E-03  -2.59777E-01
         216   4.32000E-01   1.05505E-03  -8.04508E-03  -2.59799E-01
         217   4.34000E-01   1.05518E-03  -8.11688E-03  -2.59741E-01
         218   4.36000E-01   1.05516E-03  -8.29733E-03  -2.59737E-01
         219   4.38000E-01   1.05511E-03  -8.42975E-03  -2.59642E-01
         220   4.40000E-01   1.05536E-03  -8.56116E-03  -2.59564E-01
         221   4.42000E-01   1.05516E-03  -8.78991E-03  -2.59560E-01
         222   4.44000E-01   1.05421E-03  -8.76754E-03  -2.59394E-01
         223   4.46000E-01   1.05345E-03  -8.65843E-03  -2.59169E-01
         224   4.48000E-01   1.05293E-03  -8.69421E-03  -2.59033E-01
         225   4.50000E-01   1.05243E-03  -8.71334E-03  -2.58885E-01
         226   4.52000E-01   1.05206E-03  -8.78201E-03  -2.58751E-01
         227   4.54000E-01   1.05149E-03  -8.80681E-03  -2.58625E-01
         228   4.56000E-01   1.05074E-03  -8.76066E-03  -2.58470E-01
         229   4.58000E-01   1.05004E-03  -8.71113E-03  -2.58305E-01
         230   4.60000E-01   1.04922E-03  -8.65151E-03  -2.58155E-01
         231   4.62000E-01   1.04833E-03  -8.55165E-03  -2.57980E-01
         232   4.64000E-01   1.04752E-03  -8.42999E-03  -2.57807E-01
         233   4.66000E-01   1.04696E-03  -8.34917E-03  -2.57665E-01
         234   4.68000E-01   1.04653E-03  -8.24351E-03  -2.57565E-01
         235   4.70000E-01   1.04616E-03  -8.17723E-03  -2.57510E-01
         236   4.72000E-01   1.04587E-03  -8.15008E-03  -2.57451E-01
         237   4.74000E-01   1.04546E-03  -8.16424E-03  -2.57393E-01
         238   4.76000E-01   1.04485E-03  -8.16410E-03  -2.57283E-01
         239   4.78000E-01   1.04401E-03  -8.08441E-03  -2.57129E-01
         240   4.80000E-01   1.04314E-03  -7.96415E-03  -2.56960E-01
         241   4.82000E-01   1.04241E-03  -7.82497E-03  -2.56804E-01
         242   4.84000E-01   1.04197E-03  -7.67457E-03  -2.56691E-01
         243   4.86000E-01   1.04186E-03  -7.57014E-03  -2.56656E-01
         244   4.88000E-01   1.04230E-03  -7.51654E-03  -2.56680E-01
         245   4.90000E-01   1.04293E-03  -7.59715E-03  -2.56816E-01
         246   4.92000E-01   1.04344E-03  -7.58062E-03  -2.56933E-01
         247   4.94000E-01   1.04424E-03  -7.61779E-03  -2.57069E-01
         248   4.96000E-01   1.04491E-03  -7.71152E-03  -2.57251E-01
         249   4.98000E-01   1.04553E-03  -7.72236E-03  -2.57373E-01
         250   5.00000E-01   1.04623E-03  -7.74379E-03  -2.57522E-01
         251   5.02000E-01   1.04690E-03  -7.74715E-03  -2.57687E-01
         252   5.04000E-01   1.04765E-03  -7.75782E-03  -2.57852E-01
         253   5.06000E-01   1.04850E-03  -7.81265E-03  -2.58034E-01
         254   5.08000E-01   1.04926E-03  -7.88152E-03  -2.58218E-01
         255   5.10000E-01   1.04982E-03  -7.95171E-03  -2.58375E-01
         256   5.12000E-01   1.04998E-03  -8.04042E-03  -2.58480E-01
         257   5.14000E-01   1.05026E-03  -8.06331E-03  -2.58476E-01
         258   5.16000E-01   1.05012E-03  -8.07090E-03  -2.58533E-01
         259   5.18000E-01   1.04989E-03  -7.95999E-03  -2.58495E-01
         260   5.20000E-01   1.04976E-03  -7.81799E-03  -2.58492E-01
         261   5.22000E-01   1.04965E-03  -7.65303E-03  -2.58531E-01
         262   5.24000E-01   1.04997E-03  -7.45286E-03  -2.58585E-01
         263   5.26000E-01   1.05053E-03  -7.36921E-03  -2.58767E-01
         264   5.28000E-01   1.05115E-03  -7.32320E-03  -2.58949E-01
         265   5.30000E-01   1.05173E-03  -7.28235E-03  -2.59127E-01
         266   5.32000E-01   1.05264E-03  -7.23440E-03  -2.59292E-01
         267   5.34000E-01   1.05418E-03  -7.28636E-03  -2.59542E-01
         268   5.36000E-01   1.05569E-03  -7.44563E-03  -2.59901E-01
         269   5.38000E-01   1.05668E-03  -7.54876E-03  -2.60200E-01
         270   5.40000E-01   1.05768E-03  -7.59134E-03  -2.60396E-01
         271   5.42000E-01   1.05873E-03  -7.64765E-03  -2.60625E-01
         272   5.44000E-01   1.05971E-03  -7.65882E-03  -2.60859E-01
         273   5.46000E-01   1.06082E-03  -7.66301E-03  -2.61097E-01
         274   5.48000E-01   1.06182E-03  -7.72496E-03  -2.61374E-01
         275   5.50000E-01   1.06285E-03  -7.75255E-03  -2.61593E-01
         276   5.52000E-01   1.06381E-03  -7.85316E-03  -2.61837E-01
         277   5.54000E-01   1.06486E-03  -8.00490E-03  -2.62025E-01
         278   5.56000E-01   1.06558E-03  -8.16394E-03  -2.62212E-01
         279   5.58000E-01   1.06599E-03  -8.26741E-03  -2.62314E-01
         280   5.60000E-01   1.06640E-03  -8.36267E-03  -2.62365E-01
         281   5.62000E-01   1.06655E-03  -8.46242E-03  -2.62419E-01
         282   5.64000E-01   1.06655E-03  -8.55456E-03  -2.62406E-01
         283   5.66000E-01   1.06640E-03  -8.73572E-03  -2.62359E-01
         284   5.68000E-01   1.06592E-03  -8.86163E-03  -2.62232E-01
         285   5.70000E-01   1.06523E-03  -9.01448E-03  -2.62048E-01
         286   5.72000E-01   1.06420E-03  -9.08012E-03  -2.61800E-01
         287   5.74000E-01   1.06302E-03  -9.10921E-03  -2.61511E-01
         288   5.76000E-01   1.06170E-03  -9.12306E-03  -2.61201E-01
         289   5.78000E-01   1.06021E-03  -9.08108E-03  -2.60863E-01
         290   5.80000E-01   1.05867E-03  -9.01970E-03  -2.60511E-01
         291   5.82000E-01   1.05709E-03  -8.89414E-03  -2.60157E-01
         292   5.84000E-01   1.05536E-03  -8.79104E-03  -2.59826E-01
         293   5.86000E-01   1.05404E-03  -8.60335E-03  -2.59445E-01
         294   5.88000E-01   1.05303E-03  -8.57725E-03  -2.59209E-01
         295   5.90000E-01   1.05210E-03  -8.57266E-03  -2.58968E-01
         296   5.92000E-01   1.05104E-03  -8.52329E-03  -2.58739E-01
         297   5.94000E-01   1.05007E-03  -8.51985E-03  -2.58499E-01
         298   5.96000E-01   1.04893E-03  -8.64923E-03  -2.58259E-01
         299   5.98000E-01   1.04754E-03  -8.64042E-03  -2.57909E-01
         300   6.00000E-01   1.04627E-03  -8.60168E-03  -2.57564E-01
         301   6.02000E-01   1.04521E-03  -8.61259E-03  -2.57267E-01
         302   6.04000E-01   1.04413E-03  -8.61779E-03  -2.56996E-01
         303   6.06000E-01   1.04312E-03  -8.62894E-03  -2.56723E-01
         304   6.08000E-01   1.04201E-03  -8.59132E-03  -2.56466E-01
         305   6.10000E-01   1.04079E-03  -8.54438E-03  -2.56207E-01
         306   6.12000E-01   1.03931E-03  -8.43239E-03  -2.55925E-01
         307   6.14000E-01   1.03804E-03  -8.27385E-03  -2.55612E-01
         308   6.16000E-01   1.03698E-03  -8.15451E-03  -2.55373E-01
         309   6.18000E-01   1.03604E-03  -8.02887E-03  -2.55168E-01
         310   6.20000E-01   1.03530E-03  -7.91898E-03  -2.54996E-01
         311   6.22000E-01   1.03476E-03  -7.84593E-03  -2.54865E-01
         312   6.24000E-01   1.03421E-03  -7.76408E-03  -2.54767E-01
         313   6.26000E-01   1.03392E-03  -7.69382E-03  -2.54671E-01
         314   6.28000E-01   1.03362E-03  -7.71874E-03  -2.54632E-01
         315   6.30000E-01   1.03341E-03  -7.72124E-03  -2.54545E-01
         316   6.32000E-01   1.03339E-03  -7.77780E-03  -2.54492E-01
         317   6.34000E-01   1.03340E-03  -7.86699E-03  -2.54458E-01
         318   6.36000E-01   1.03337E-03  -7.98069E-03  -2.54416E-01
         319   6.38000E-01   1.03301E-03  -8.04369E-03  -2.54353E-01
         320   6.40000E-01   1.03250E-03  -8.02590E-03  -2.54231E-01
         321   6.42000E-01   1.03174E-03  -7.94868E-03  -2.54111E-01
         322   6.44000E-01   1.03105E-03  -7.77788E-03  -2.53961E-01
         323   6.46000E-01   1.03071E-03  -7.64650E-03  -2.53873E-01
         324   6.48000E-01   1.03076E-03  -7.61093E-03  -2.53855E-01
         325   6.50000E-01   1.03113E-03  -7.58759E-03  -2.53886E-01
         326   6.52000E-01   1.03138E-03  -7.60446E-03  -2.53989E-01
         327   6.54000E-01   1.03154E-03  -7.55933E-03  -2.54043E-01
         328   6.56000E-01   1.03167E-03  -7.52510E-03  -2.54106E-01
         329   6.58000E-01   1.03192E-03  -7.54436E-03  -2.54154E-01
         330   6.60000E-01   1.03245E-03  -7.53450E-03  -2.54208E-01
         331   6.62000E-01   1.03298E-03  -7.55207E-03  -2.54345E-01
         332   6.64000E-01   1.03381E-03  -7.59488E-03  -2.54469E-01
         333   6.66000E-01   1.03452E-03  -7.71883E-03  -2.54656E-01
         334   6.68000E-01   1.03512E-03  -7.82413E-03  -2.54770E-01
         335   6.70000E-01   1.03520E-03  -8.00115E-03  -2.54869E-01
         336   6.72000E-01   1.03481E-03  -8.02469E-03  -2.54800E-01
         337   6.74000E-01   1.03432E-03  -7.97986E-03  -2.54691E-01
         338   6.76000E-01   1.03372E-03  -7.94134E-03  -2.54590E-01
         339   6.78000E-01   1.03307E-03  -7.89528E-03  -2.54460E-01
         340   6.80000E-01   1.03238E-03  -7.83058E-03  -2.54321E-01
         341   6.82000E-01   1.03169E-03  -7.79944E-03  -2.54179E-01
         342   6.84000E-01   1.03100E-03  -7.65771E-03  -2.54024E-01
         343   6.86000E-01   1.03070E-03  -7.52610E-03  -2.53921E-01
         344   6.88000E-01   1.03082E-03  -7.48140E-03  -2.53912E-01
         345   6.90000E-01   1.03105E-03  -7.48905E-03  -2.53964E-01
         346   6.92000E-01   1.03130E-03  -7.49784E-03  -2.54018E-01
         347   6.94000E-01   1.03182E-03  -7.54655E-03  -2.54075E-01
         348   6.96000E-01   1.03253E-03  -7.70323E-03  -2.54181E-01
         349   6.98000E-01   1.03307E-03  -7.94990E-03  -2.54280E-01
         350   7.00000E-01   1.03309E-03  -8.15180E-03  -2.54293E-01
         351   7.02000E-01   1.03260E-03  -8.23333E-03  -2.54196E-01
         352   7.04000E-01   1.03175E-03  -8.21822E-03  -2.54033E-01
         353   7.06000E-01   1.03089E-03  -8.12882E-03  -2.53830E-01
         354   7.08000E-01   1.03027E-03  -8.06944E-03  -2.53658E-01
         355   7.10000E-01   1.02977E-03  -8.09076E-03  -2.53533E-01
         356   7.12000E-01   1.02928E-03  -8.06392E-03  -2.53398E-01
         357   7.14000E-01   1.02858E-03  -8.15936E-03  -2.53288E-01
         358   7.16000E-01   1.02788E-03  -8.13363E-03  -2.53066E-01
         359   7.18000E-01   1.02732E-03  -8.17108E-03  -2.52904E-01
         360   7.20000E-01   1.02660E-03  -8.12146E-03  -2.52744E-01
         361   7.22000E-01   1.02587E-03  -8.01996E-03  -2.52588E-01
         362   7.24000E-01   1.02538E-03  -8.03568E-03  -2.52458E-01
         363   7.26000E-01   1.02382E-03  -7.96956E-03  -2.52327E-01
         364   7.28000E-01   1.02228E-03  -7.67224E-03  -2.51971E-01
         365   7.30000E-01   1.02108E-03  -7.38372E-03  -2.51735E-01
         366   7.32000E-01   1.02054E-03  -7.11588E-03  -2.51578E-01
         367   7.34000E-01   1.02081E-03  -7.03656E-03  -2.51578E-01
         368   7.36000E-01   1.02100E-03  -7.09039E-03  -2.51684E-01
         369   7.38000E-01   1.02141E-03  -7.13230E-03  -2.51705E-01
         370   7.40000E-01   1.02132E-03  -7.20299E-03  -2.51786E-01
         371   7.42000E-01   1.02055E-03  -7.14400E-03  -2.51728E-01
         372   7.44000E-01   1.02001E-03  -6.98432E-03  -2.51566E-01
         373   7.46000E-01   1.02007E-03  -7.07768E-03  -2.51511E-01
         374   7.48000E-01   1.01979E-03  -7.21162E-03  -2.51478E-01
         375   7.50000E-01   1.01861E-03  -7.21521E-03  -2.51341E-01
         376   7.52000E-01   1.01732E-03  -7.08144E-03  -2.51045E-01
         377   7.54000E-01   1.01584E-03  -6.81855E-03  -2.50790E-01
         378   7.56000E-01   1.01480E-03  -6.54236E-03  -2.50550E-01
         379   7.58000E-01   1.01463E-03  -6.31293E-03  -2.50430E-01
         380   7.60000E-01   1.01550E-03  -6.28064E-03  -2.50502E-01
         381   7.62000E-01   1.01750E-03  -6.43335E-03  -2.50736E-01
         382   7.64000E-01   1.01902E-03  -6.73257E-03  -2.51157E-01
         383   7.66000E-01   1.02036E-03  -6.80924E-03  -2.51389E-01
         384   7.68000E-01   1.02204E-03  -6.91682E-03  -2.51685E-01
         385   7.70000E-01   1.02301E-03  -7.00082E-03  -2.52052E-01
         386   7.72000E-01   1.02453E-03  -6.94898E-03  -2.52253E-01
         387   7.74000E-01   1.02608E-03  -7.14623E-03  -2.52659E-01
         388   7.76000E-01   1.02733E-03  -7.28346E-03  -2.52948E-01
         389   7.78000E-01   1.02825E-03  -7.46496E-03  -2.53191E-01
         390   7.80000E-01   1.02827E-03  -7.55734E-03  -2.53330E-01
         391   7.82000E-01   1.02799E-03  -7.43789E-03  -2.53288E-01
         392   7.84000E-01   1.02775E-03  -7.31661E-03  -2.53280E-01
         393   7.86000E-01   1.02760E-03  -7.14688E-03  -2.53280E-01
         394   7.88000E-01   1.02777E-03  -6.98617E-03  -2.53326E-01
         395   7.90000E-01   1.02817E-03  -6.89406E-03  -2.53449E-01
         396   7.92000E-01   1.02861E-03  -6.81994E-03  -2.53597E-01
         397   7.94000E-01   1.02906E-03  -6.75854E-03  -2.53742E-01
         398   7.96000E-01   1.02931E-03  -6.66554E-03  -2.53887E-01
         399   7.98000E-01   1.02968E-03  -6.52161E-03  -2.53996E-01
         400   8.00000E-01   1.03134E-03  -6.45050E-03  -2.54160E-01
         401   8.02000E-01   1.03384E-03  -6.72538E-03  -2.54609E-01
         402   8.04000E-01   1.03613E-03  -7.04151E-03  -2.55098E-01
         403   8.06000E-01   1.03807E-03  -7.33592E-03  -2.55511E-01
         404   8.08000E-01   1.03943E-03  -7.66781E-03  -2.55850E-01
         405   8.10000E-01   1.04024E-03  -7.85187E-03  -2.56023E-01
         406   8.12000E-01   1.04061E-03  -7.95484E-03  -2.56133E-01
         407   8.14000E-01   1.04087E-03  -7.94056E-03  -2.56174E-01
         408   8.16000E-01   1.04121E-03  -7.95760E-03  -2.56246E-01
         409   8.18000E-01   1.04140E-03  -7.89775E-03  -2.56325E-01
         410   8.20000E-01   1.04138E-03  -7.78276E-03  -2.56400E-01
         411   8.22000E-01   1.04144E-03  -7.62472E-03  -2.56453E-01
         412   8.24000E-01   1.04169E-03  -7.50517E-03  -2.56547E-01
         413   8.26000E-01   1.04237E-03  -7.46923E-03  -2.56671E-01
         414   8.28000E-01   1.04312E-03  -7.53304E-03  -2.56858E-01
         415   8.30000E-01   1.04381E-03  -7.55203E-03  -2.57013E-01
         416   8.32000E-01   1.04444E-03  -7.60114E-03  -2.57177E-01
         417   8.34000E-01   1.04530E-03  -7.62042E-03  -2.57310E-01
         418   8.36000E-01   1.04603E-03  -7.69998E-03  -2.57516E-01
         419   8.38000E-01   1.04673E-03  -7.91549E-03  -2.57658E-01
         420   8.40000E-01   1.04739E-03  -7.99675E-03  -2.57725E-01
         421   8.42000E-01   1.04818E-03  -8.10563E-03  -2.57849E-01
         422   8.44000E-01   1.04867E-03  -8.23449E-03  -2.57992E-01
         423   8.46000E-01   1.04917E-03  -8.30308E-03  -2.58051E-01
         424   8.48000E-01   1.04969E-03  -8.37722E-03  -2.58140E-01
         425   8.50000E-01   1.05023E-03  -8.44206E-03  -2.58235E-01
         426   8.52000E-01   1.05098E-03  -8.52283E-03  -2.58337E-01
         427   8.54000E-01   1.05146E-03  -8.66126E-03  -2.58483E-01
         428   8.56000E-01   1.05186E-03  -8.79232E-03  -2.58535E-01
         429   8.58000E-01   1.05185E-03  -8.89857E-03  -2.58568E-01
         430   8.60000E-01   1.05142E-03  -8.93352E-03  -2.58514E-01
         431   8.62000E-01   1.05047E-03  -8.90651E-03  -2.58389E-01
         432   8.64000E-01   1.04966E-03  -8.80816E-03  -2.58164E-01
         433   8.66000E-01   1.04863E-03  -8.76821E-03  -2.58010E-01
         434   8.68000E-01   1.04766E-03  -8.67179E-03  -2.57773E-01
         435   8.70000E-01   1.04669E-03  -8.77056E-03  -2.57579E-01
         436   8.72000E-01   1.04515E-03  -8.97747E-03  -2.57286E-01
         437   8.74000E-01   1.04275E-03  -8.93568E-03  -2.56800E-01
         438   8.76000E-01   1.04011E-03  -8.71312E-03  -2.56220E-01
         439   8.78000E-01   1.03757E-03  -8.56191E-03  -2.55671E-01
         440   8.80000E-01   1.03523E-03  -8.46740E-03  -2.55112E-01
         441   8.82000E-01   1.03293E-03  -8.47362E-03  -2.54573E-01
         442   8.84000E-01   1.03049E-03  -8.44828E-03  -2.53996E-01
         443   8.86000E-01   1.02832E-03  -8.36061E-03  -2.53398E-01
         444   8.88000E-01   1.02637E-03  -8.34689E-03  -2.52900E-01
         445   8.90000E-01   1.02498E-03  -8.30133E-03  -2.52420E-01
         446   8.92000E-01   1.02383E-03  -8.35571E-03  -2.52095E-01
         447   8.94000E-01   1.02282E-03  -8.34550E-03  -2.51779E-01
         448   8.96000E-01   1.02179E-03  -8.41204E-03  -2.51532E-01
         449   8.98000E-01   1.02078E-03  -8.37727E-03  -2.51241E-01
         450   9.00000E-01   1.01999E-03  -8.39751E-03  -2.51006E-01
         451   9.02000E-01   1.01929E-03  -8.49794E-03  -2.50798E-01
         452   9.04000E-01   1.01827E-03  -8.58294E-03  -2.50573E-01
         453   9.06000E-01   1.01696E-03  -8.59800E-03  -2.50276E-01
         454   9.08000E-01   1.01577E-03  -8.53592E-03  -2.49942E-01
         455   9.10000E-01   1.01468E-03  -8.50496E-03  -2.49675E-01
         456   9.12000E-01   1.01344E-03  -8.43875E-03  -2.49418E-01
         457   9.14000E-01   1.01230E-03  -8.33033E-03  -2.49140E-01
         458   9.16000E-01   1.01061E-03  -8.20461E-03  -2.48909E-01
         459   9.18000E-01   1.00857E-03  -7.91844E-03  -2.48551E-01
         460   9.20000E-01   1.00701E-03  -7.60584E-03  -2.48182E-01
         461   9.22000E-01   1.00584E-03  -7.29379E-03  -2.47950E-01
         462   9.24000E-01   1.00521E-03  -6.96281E-03  -2.47814E-01
         463   9.26000E-01   1.00515E-03  -6.72579E-03  -2.47820E-01
         464   9.28000E-01   1.00560E-03  -6.52909E-03  -2.47926E-01
         465   9.30000E-01   1.00640E-03  -6.48338E-03  -2.48136E-01
         466   9.32000E-01   1.00741E-03  -6.37855E-03  -2.48358E-01
         467   9.34000E-01   1.00883E-03  -6.29986E-03  -2.48663E-01
         468   9.36000E-01   1.01038E-03  -6.26980E-03  -2.49058E-01
         469   9.38000E-01   1.01185E-03  -6.18429E-03  -2.49459E-01
         470   9.40000E-01   1.01319E-03  -6.13087E-03  -2.49871E-01
         471   9.42000E-01   1.01435E-03  -6.00440E-03  -2.50231E-01
         472   9.44000E-01   1.01611E-03  -5.92027E-03  -2.50585E-01
         473   9.46000E-01   1.01819E-03  -6.05122E-03  -2.51066E-01
         474   9.48000E-01   1.02045E-03  -6.25419E-03  -2.51521E-01
         475   9.50000E-01   1.02151E-03  -6.57330E-03  -2.51985E-01
         476   9.52000E-01   1.02194E-03  -6.57398E-03  -2.52091E-01
         477   9.54000E-01   1.02262E-03  -6.61533E-03  -2.52197E-01
         478   9.56000E-01   1.02364E-03  -6.83080E-03  -2.52348E-01
         479   9.58000E-01   1.02454E-03  -7.13468E-03  -2.52494E-01
         480   9.60000E-01   1.02523E-03  -7.42222E-03  -2.52568E-01
         481   9.62000E-01   1.02553E-03  -7.68814E-03  -2.52596E-01
         482   9.64000E-01   1.02601E-03  -7.82235E-03  -2.52539E-01
         483   9.66000E-01   1.02593E-03  -7.98542E-03  -2.52592E-01
         484   9.68000E-01   1.02562E-03  -7.92229E-03  -2.52490E-01
         485   9.70000E-01   1.02545E-03  -7.85451E-03  -2.52445E-01
         486   9.72000E-01   1.02564E-03  -7.79597E-03  -2.52435E-01
         487   9.74000E-01   1.02626E-03  -7.86401E-03  -2.52511E-01
         488   9.76000E-01   1.02706E-03  -8.04602E-03  -2.52633E-01
         489   9.78000E-01   1.02774E-03  -8.14511E-03  -2.52743E-01
         490   9.80000E-01   1.02784E-03  -8.20978E-03  -2.52862E-01
         491   9.82000E-01   1.02832E-03  -8.16838E-03  -2.52856E-01
         492   9.84000E-01   1.02839E-03  -8.27022E-03  -2.52996E-01
         493   9.86000E-01   1.02834E-03  -8.14588E-03  -2.52963E-01
         494   9.88000E-01   1.02868E-03  -8.06982E-03  -2.53012E-01
         495   9.90000E-01   1.02953E-03  -8.08558E-03  -2.53136E-01
         496   9.92000E-01   1.03049E-03  -8.20217E-03  -2.53341E-01
         497   9.94000E-01   1.03115E-03  -8.24836E-03  -2.53521E-01
         498   9.96000E-01   1.03198E-03  -8.25104E-03  -2.53664E-01
         499   9.98000E-01   1.03340E-03  -8.34514E-03  -2.53869E-01
         500   1.00000E+00   1.03486E-03  -8.57555E-03  -2.54177E-01
