    Timestep          Time             Y          Rise        Inflow
      number                    centroid      velocity      velocity
           1   2.00000E-03   2.13477E-18   3.71763E-02  -4.44743E-16
           2   4.00000E-03   7.52835E-05   5.38413E-02  -1.85882E-02
           3   6.00000E-03   1.84138E-04   6.00643E-02  -4.57415E-02
           4   8.00000E-03   3.05285E-04   6.11209E-02  -7.60667E-02
           5   1.00000E-02   4.28188E-04   5.95901E-02  -1.06882E-01
           6   1.20000E-02   5.47604E-04   5.66375E-02  -1.36842E-01
           7   1.40000E-02   6.60877E-04   5.28951E-02  -1.65220E-01
           8   1.60000E-02   7.66660E-04   4.86441E-02  -1.91667E-01
           9   1.80000E-02   8.63956E-04   4.39876E-02  -2.15987E-01
          10   2.00000E-02   9.51975E-04   3.88942E-02  -2.37983E-01
          11   2.20000E-02   1.02984E-03   3.36774E-02  -2.57441E-01
          12   2.40000E-02   1.09708E-03   2.84129E-02  -2.74299E-01
          13   2.60000E-02   1.15359E-03   2.32542E-02  -2.88477E-01
          14   2.80000E-02   1.19858E-03   1.83222E-02  -3.00025E-01
          15   3.00000E-02   1.23274E-03   1.40825E-02  -3.08806E-01
          16   3.20000E-02   1.25998E-03   1.08716E-02  -3.15225E-01
          17   3.40000E-02   1.28267E-03   7.81092E-03  -3.20430E-01
          18   3.60000E-02   1.30074E-03   4.83845E-03  -3.24573E-01
          19   3.80000E-02   1.31059E-03   2.15805E-03  -3.27603E-01
          20   4.00000E-02   1.31094E-03   4.94055E-04  -3.28727E-01
          21   4.20000E-02   1.30748E-03   1.36740E-04  -3.27982E-01
          22   4.40000E-02   1.30594E-03   1.75501E-05  -3.26937E-01
          23   4.60000E-02   1.30528E-03  -8.38672E-04  -3.26493E-01
          24   4.80000E-02   1.30275E-03  -1.71155E-03  -3.25901E-01
          25   5.00000E-02   1.29908E-03  -2.13372E-03  -3.24832E-01
          26   5.20000E-02   1.29507E-03  -2.40425E-03  -3.23703E-01
          27   5.40000E-02   1.29107E-03  -2.61089E-03  -3.22564E-01
          28   5.60000E-02   1.28638E-03  -2.90155E-03  -3.21463E-01
          29   5.80000E-02   1.28119E-03  -3.13183E-03  -3.20143E-01
          30   6.00000E-02   1.27504E-03  -3.11251E-03  -3.18731E-01
          31   6.20000E-02   1.26871E-03  -2.65084E-03  -3.17203E-01
          32   6.40000E-02   1.26369E-03  -2.03373E-03  -3.15853E-01
          33   6.60000E-02   1.26043E-03  -1.65894E-03  -3.14905E-01
          34   6.80000E-02   1.25784E-03  -1.52674E-03  -3.14277E-01
          35   7.00000E-02   1.25560E-03  -1.34648E-03  -3.13696E-01
          36   7.20000E-02   1.25409E-03  -1.09212E-03  -3.13227E-01
          37   7.40000E-02   1.25297E-03  -8.42352E-04  -3.12977E-01
          38   7.60000E-02   1.25253E-03  -4.53837E-04  -3.12821E-01
          39   7.80000E-02   1.25330E-03  -2.54540E-04  -3.12905E-01
          40   8.00000E-02   1.25452E-03  -1.81030E-04  -3.13198E-01
          41   8.20000E-02   1.25631E-03  -2.17226E-04  -3.13539E-01
          42   8.40000E-02   1.25860E-03  -2.31182E-04  -3.13969E-01
          43   8.60000E-02   1.26141E-03  -4.45561E-04  -3.14535E-01
          44   8.80000E-02   1.26422E-03  -5.26448E-04  -3.15130E-01
          45   9.00000E-02   1.26704E-03  -9.50298E-04  -3.15792E-01
          46   9.20000E-02   1.26904E-03  -1.39066E-03  -3.16286E-01
          47   9.40000E-02   1.27018E-03  -1.83535E-03  -3.16565E-01
          48   9.60000E-02   1.27112E-03  -1.86879E-03  -3.16628E-01
          49   9.80000E-02   1.27189E-03  -2.09607E-03  -3.16845E-01
          50   1.00000E-01   1.27253E-03  -2.15672E-03  -3.16923E-01
          51   1.02000E-01   1.27342E-03  -2.27726E-03  -3.17054E-01
          52   1.04000E-01   1.27433E-03  -2.29999E-03  -3.17216E-01
          53   1.06000E-01   1.27546E-03  -2.39428E-03  -3.17432E-01
          54   1.08000E-01   1.27695E-03  -2.47178E-03  -3.17668E-01
          55   1.10000E-01   1.27851E-03  -2.55819E-03  -3.18002E-01
          56   1.12000E-01   1.28030E-03  -2.52822E-03  -3.18348E-01
          57   1.14000E-01   1.28266E-03  -2.52852E-03  -3.18811E-01
          58   1.16000E-01   1.28509E-03  -2.68942E-03  -3.19401E-01
          59   1.18000E-01   1.28779E-03  -3.04166E-03  -3.19928E-01
          60   1.20000E-01   1.29000E-03  -3.44862E-03  -3.20426E-01
          61   1.22000E-01   1.29177E-03  -3.69420E-03  -3.20777E-01
          62   1.24000E-01   1.29386E-03  -4.00553E-03  -3.21096E-01
          63   1.26000E-01   1.29599E-03  -4.39971E-03  -3.21462E-01
          64   1.28000E-01   1.29752E-03  -4.89986E-03  -3.21799E-01
          65   1.30000E-01   1.29862E-03  -5.20411E-03  -3.21930E-01
          66   1.32000E-01   1.29965E-03  -5.56470E-03  -3.22052E-01
          67   1.34000E-01   1.29991E-03  -6.02888E-03  -3.22131E-01
          68   1.36000E-01   1.29958E-03  -6.44145E-03  -3.21963E-01
          69   1.38000E-01   1.29870E-03  -6.68635E-03  -3.21673E-01
          70   1.40000E-01   1.29774E-03  -6.81654E-03  -3.21331E-01
          71   1.42000E-01   1.29671E-03  -6.88923E-03  -3.21026E-01
          72   1.44000E-01   1.29582E-03  -6.93517E-03  -3.20733E-01
          73   1.46000E-01   1.29499E-03  -6.95087E-03  -3.20488E-01
          74   1.48000E-01   1.29437E-03  -7.09405E-03  -3.20272E-01
          75   1.50000E-01   1.29328E-03  -7.45914E-03  -3.20046E-01
          76   1.52000E-01   1.29153E-03  -7.65363E-03  -3.19590E-01
          77   1.54000E-01   1.28967E-03  -7.79538E-03  -3.19055E-01
          78   1.56000E-01   1.28771E-03  -7.97389E-03  -3.18519E-01
          79   1.58000E-01   1.28574E-03  -8.06814E-03  -3.17942E-01
          80   1.60000E-01   1.28369E-03  -8.20060E-03  -3.17400E-01
          81   1.62000E-01   1.28159E-03  -8.26758E-03  -3.16823E-01
          82   1.64000E-01   1.28009E-03  -8.38229E-03  -3.16263E-01
          83   1.66000E-01   1.27867E-03  -8.60524E-03  -3.15831E-01
          84   1.68000E-01   1.27696E-03  -8.67629E-03  -3.15365E-01
          85   1.70000E-01   1.27549E-03  -8.54844E-03  -3.14902E-01
          86   1.72000E-01   1.27438E-03  -8.40447E-03  -3.14599E-01
          87   1.74000E-01   1.27363E-03  -8.25018E-03  -3.14393E-01
          88   1.76000E-01   1.27341E-03  -8.14127E-03  -3.14283E-01
          89   1.78000E-01   1.27365E-03  -8.17393E-03  -3.14281E-01
          90   1.80000E-01   1.27398E-03  -8.33915E-03  -3.14325E-01
          91   1.82000E-01   1.27411E-03  -8.53851E-03  -3.14325E-01
          92   1.84000E-01   1.27370E-03  -8.92945E-03  -3.14258E-01
          93   1.86000E-01   1.27235E-03  -9.10310E-03  -3.13960E-01
          94   1.88000E-01   1.27038E-03  -8.90092E-03  -3.13536E-01
          95   1.90000E-01   1.26872E-03  -8.58339E-03  -3.13144E-01
          96   1.92000E-01   1.26773E-03  -8.19343E-03  -3.12889E-01
          97   1.94000E-01   1.26803E-03  -8.10111E-03  -3.12836E-01
          98   1.96000E-01   1.26874E-03  -8.51751E-03  -3.12956E-01
          99   1.98000E-01   1.26877E-03  -8.98790E-03  -3.12926E-01
         100   2.00000E-01   1.26820E-03  -9.41550E-03  -3.12700E-01
         101   2.02000E-01   1.26680E-03  -9.76986E-03  -3.12343E-01
         102   2.04000E-01   1.26481E-03  -1.00944E-02  -3.11814E-01
         103   2.06000E-01   1.26146E-03  -1.03891E-02  -3.11154E-01
         104   2.08000E-01   1.25753E-03  -1.02513E-02  -3.10169E-01
         105   2.10000E-01   1.25389E-03  -1.00839E-02  -3.09257E-01
         106   2.12000E-01   1.25049E-03  -9.96635E-03  -3.08430E-01
         107   2.14000E-01   1.24712E-03  -9.83168E-03  -3.07640E-01
         108   2.16000E-01   1.24320E-03  -9.69028E-03  -3.06864E-01
         109   2.18000E-01   1.23941E-03  -9.36732E-03  -3.05956E-01
         110   2.20000E-01   1.23623E-03  -9.14980E-03  -3.05168E-01
         111   2.22000E-01   1.23387E-03  -8.98249E-03  -3.04483E-01
         112   2.24000E-01   1.23195E-03  -8.87934E-03  -3.03977E-01
         113   2.26000E-01   1.23048E-03  -8.76732E-03  -3.03548E-01
         114   2.28000E-01   1.22966E-03  -8.74176E-03  -3.03237E-01
         115   2.30000E-01   1.22906E-03  -8.97258E-03  -3.03045E-01
         116   2.32000E-01   1.22814E-03  -9.25309E-03  -3.02779E-01
         117   2.34000E-01   1.22588E-03  -9.46013E-03  -3.02409E-01
         118   2.36000E-01   1.22270E-03  -9.19439E-03  -3.01740E-01
         119   2.38000E-01   1.21991E-03  -8.82813E-03  -3.01078E-01
         120   2.40000E-01   1.21814E-03  -8.47450E-03  -3.00563E-01
         121   2.42000E-01   1.21681E-03  -8.26729E-03  -3.00297E-01
         122   2.44000E-01   1.21617E-03  -8.02555E-03  -3.00069E-01
         123   2.46000E-01   1.21587E-03  -7.84398E-03  -3.00030E-01
         124   2.48000E-01   1.21621E-03  -7.67904E-03  -3.00045E-01
         125   2.50000E-01   1.21708E-03  -7.57178E-03  -3.00212E-01
         126   2.52000E-01   1.21849E-03  -7.60349E-03  -3.00485E-01
         127   2.54000E-01   1.22011E-03  -7.70062E-03  -3.00820E-01
         128   2.56000E-01   1.22170E-03  -7.71586E-03  -3.01177E-01
         129   2.58000E-01   1.22325E-03  -7.76279E-03  -3.01566E-01
         130   2.60000E-01   1.22490E-03  -7.89065E-03  -3.01931E-01
         131   2.62000E-01   1.22656E-03  -8.10860E-03  -3.02280E-01
         132   2.64000E-01   1.22791E-03  -8.30351E-03  -3.02587E-01
         133   2.66000E-01   1.22892E-03  -8.39339E-03  -3.02826E-01
         134   2.68000E-01   1.22983E-03  -8.37778E-03  -3.03033E-01
         135   2.70000E-01   1.23113E-03  -8.21563E-03  -3.03269E-01
         136   2.72000E-01   1.23303E-03  -8.17301E-03  -3.03674E-01
         137   2.74000E-01   1.23527E-03  -8.18802E-03  -3.04172E-01
         138   2.76000E-01   1.23736E-03  -8.26701E-03  -3.04723E-01
         139   2.78000E-01   1.23948E-03  -8.30698E-03  -3.05206E-01
         140   2.80000E-01   1.24158E-03  -8.42906E-03  -3.05718E-01
         141   2.82000E-01   1.24356E-03  -8.54053E-03  -3.06179E-01
         142   2.84000E-01   1.24556E-03  -8.70570E-03  -3.06620E-01
         143   2.86000E-01   1.24738E-03  -8.86930E-03  -3.07038E-01
         144   2.88000E-01   1.24899E-03  -8.99141E-03  -3.07409E-01
         145   2.90000E-01   1.25034E-03  -9.07771E-03  -3.07752E-01
         146   2.92000E-01   1.25155E-03  -9.11744E-03  -3.08047E-01
         147   2.94000E-01   1.25272E-03  -9.13119E-03  -3.08329E-01
         148   2.96000E-01   1.25417E-03  -9.10703E-03  -3.08614E-01
         149   2.98000E-01   1.25572E-03  -9.11295E-03  -3.08989E-01
         150   3.00000E-01   1.25737E-03  -9.06549E-03  -3.09375E-01
         151   3.02000E-01   1.25929E-03  -8.99629E-03  -3.09811E-01
         152   3.04000E-01   1.26141E-03  -8.97098E-03  -3.10325E-01
         153   3.06000E-01   1.26376E-03  -8.92504E-03  -3.10868E-01
         154   3.08000E-01   1.26617E-03  -8.92193E-03  -3.11478E-01
         155   3.10000E-01   1.26859E-03  -8.87518E-03  -3.12082E-01
         156   3.12000E-01   1.27105E-03  -8.83305E-03  -3.12709E-01
         157   3.14000E-01   1.27371E-03  -8.75023E-03  -3.13347E-01
         158   3.16000E-01   1.27668E-03  -8.77602E-03  -3.14052E-01
         159   3.18000E-01   1.27942E-03  -8.77090E-03  -3.14783E-01
         160   3.20000E-01   1.28220E-03  -8.71881E-03  -3.15469E-01
         161   3.22000E-01   1.28497E-03  -8.67379E-03  -3.16191E-01
         162   3.24000E-01   1.28784E-03  -8.73873E-03  -3.16907E-01
         163   3.26000E-01   1.29049E-03  -8.82617E-03  -3.17591E-01
         164   3.28000E-01   1.29292E-03  -8.87031E-03  -3.18210E-01
         165   3.30000E-01   1.29520E-03  -9.00375E-03  -3.18795E-01
         166   3.32000E-01   1.29717E-03  -9.17962E-03  -3.19298E-01
         167   3.34000E-01   1.29902E-03  -9.32916E-03  -3.19704E-01
         168   3.36000E-01   1.30082E-03  -9.54168E-03  -3.20089E-01
         169   3.38000E-01   1.30216E-03  -9.78539E-03  -3.20435E-01
         170   3.40000E-01   1.30271E-03  -1.00207E-02  -3.20647E-01
         171   3.42000E-01   1.30297E-03  -1.00691E-02  -3.20667E-01
         172   3.44000E-01   1.30312E-03  -1.02101E-02  -3.20707E-01
         173   3.46000E-01   1.30290E-03  -1.03496E-02  -3.20675E-01
         174   3.48000E-01   1.30225E-03  -1.04374E-02  -3.20549E-01
         175   3.50000E-01   1.30125E-03  -1.04572E-02  -3.20343E-01
         176   3.52000E-01   1.30011E-03  -1.04107E-02  -3.20083E-01
         177   3.54000E-01   1.29914E-03  -1.03796E-02  -3.19823E-01
         178   3.56000E-01   1.29800E-03  -1.04315E-02  -3.19596E-01
         179   3.58000E-01   1.29669E-03  -1.04150E-02  -3.19284E-01
         180   3.60000E-01   1.29534E-03  -1.03829E-02  -3.18966E-01
         181   3.62000E-01   1.29422E-03  -1.03063E-02  -3.18645E-01
         182   3.64000E-01   1.29286E-03  -1.02957E-02  -3.18401E-01
         183   3.66000E-01   1.29166E-03  -1.02070E-02  -3.18067E-01
         184   3.68000E-01   1.29055E-03  -1.01361E-02  -3.17812E-01
         185   3.70000E-01   1.28985E-03  -1.00612E-02  -3.17568E-01
         186   3.72000E-01   1.28894E-03  -1.01011E-02  -3.17432E-01
         187   3.74000E-01   1.28788E-03  -9.99448E-03  -3.17184E-01
         188   3.76000E-01   1.28696E-03  -9.91500E-03  -3.16973E-01
         189   3.78000E-01   1.28602E-03  -9.86882E-03  -3.16783E-01
         190   3.80000E-01   1.28477E-03  -9.79737E-03  -3.16569E-01
         191   3.82000E-01   1.28346E-03  -9.64389E-03  -3.16294E-01
         192   3.84000E-01   1.28265E-03  -9.50969E-03  -3.16043E-01
         193   3.86000E-01   1.28199E-03  -9.50068E-03  -3.15909E-01
         194   3.88000E-01   1.28141E-03  -9.42802E-03  -3.15748E-01
         195   3.90000E-01   1.28099E-03  -9.42992E-03  -3.15637E-01
         196   3.92000E-01   1.28034E-03  -9.38237E-03  -3.15532E-01
         197   3.94000E-01   1.27968E-03  -9.30889E-03  -3.15394E-01
         198   3.96000E-01   1.27917E-03  -9.26398E-03  -3.15267E-01
         199   3.98000E-01   1.27855E-03  -9.22588E-03  -3.15162E-01
         200   4.00000E-01   1.27827E-03  -9.09411E-03  -3.15024E-01
         201   4.02000E-01   1.27829E-03  -9.01393E-03  -3.15021E-01
         202   4.04000E-01   1.27858E-03  -8.95035E-03  -3.15064E-01
         203   4.06000E-01   1.27905E-03  -8.98777E-03  -3.15171E-01
         204   4.08000E-01   1.27959E-03  -8.97370E-03  -3.15269E-01
         205   4.10000E-01   1.28005E-03  -9.00506E-03  -3.15409E-01
         206   4.12000E-01   1.28051E-03  -9.06003E-03  -3.15510E-01
         207   4.14000E-01   1.28094E-03  -9.06388E-03  -3.15597E-01
         208   4.16000E-01   1.28126E-03  -9.12113E-03  -3.15702E-01
         209   4.18000E-01   1.28144E-03  -9.18099E-03  -3.15755E-01
         210   4.20000E-01   1.28157E-03  -9.26796E-03  -3.15769E-01
         211   4.22000E-01   1.28166E-03  -9.28587E-03  -3.15758E-01
         212   4.24000E-01   1.28180E-03  -9.29760E-03  -3.15773E-01
         213   4.26000E-01   1.28191E-03  -9.35244E-03  -3.15801E-01
         214   4.28000E-01   1.28201E-03  -9.38102E-03  -3.15801E-01
         215   4.30000E-01   1.28240E-03  -9.47568E-03  -3.15811E-01
         216   4.32000E-01   1.28260E-03  -9.56582E-03  -3.15862E-01
         217   4.34000E-01   1.28282E-03  -9.63909E-03  -3.15866E-01
         218   4.36000E-01   1.28298E-03  -9.72433E-03  -3.15886E-01
         219   4.38000E-01   1.28312E-03  -9.76262E-03  -3.15883E-01
         220   4.40000E-01   1.28322E-03  -9.81544E-03  -3.15898E-01
         221   4.42000E-01   1.28350E-03  -9.87291E-03  -3.15897E-01
         222   4.44000E-01   1.28341E-03  -9.92361E-03  -3.15939E-01
         223   4.46000E-01   1.28341E-03  -9.88261E-03  -3.15892E-01
         224   4.48000E-01   1.28346E-03  -9.92547E-03  -3.15911E-01
         225   4.50000E-01   1.28364E-03  -9.97743E-03  -3.15902E-01
         226   4.52000E-01   1.28357E-03  -1.00582E-02  -3.15921E-01
         227   4.54000E-01   1.28358E-03  -1.00249E-02  -3.15863E-01
         228   4.56000E-01   1.28380E-03  -1.00674E-02  -3.15882E-01
         229   4.58000E-01   1.28387E-03  -1.01277E-02  -3.15916E-01
         230   4.60000E-01   1.28402E-03  -1.01140E-02  -3.15903E-01
         231   4.62000E-01   1.28431E-03  -1.01587E-02  -3.15948E-01
         232   4.64000E-01   1.28467E-03  -1.02408E-02  -3.15997E-01
         233   4.66000E-01   1.28490E-03  -1.03793E-02  -3.16048E-01
         234   4.68000E-01   1.28490E-03  -1.04818E-02  -3.16035E-01
         235   4.70000E-01   1.28489E-03  -1.05110E-02  -3.15984E-01
         236   4.72000E-01   1.28475E-03  -1.05432E-02  -3.15968E-01
         237   4.74000E-01   1.28441E-03  -1.05363E-02  -3.15916E-01
         238   4.76000E-01   1.28440E-03  -1.05077E-02  -3.15835E-01
         239   4.78000E-01   1.28424E-03  -1.05335E-02  -3.15845E-01
         240   4.80000E-01   1.28415E-03  -1.04925E-02  -3.15792E-01
         241   4.82000E-01   1.28422E-03  -1.05215E-02  -3.15792E-01
         242   4.84000E-01   1.28413E-03  -1.05246E-02  -3.15794E-01
         243   4.86000E-01   1.28426E-03  -1.04987E-02  -3.15769E-01
         244   4.88000E-01   1.28447E-03  -1.05264E-02  -3.15816E-01
         245   4.90000E-01   1.28472E-03  -1.05431E-02  -3.15855E-01
         246   4.92000E-01   1.28497E-03  -1.06025E-02  -3.15910E-01
         247   4.94000E-01   1.28504E-03  -1.06010E-02  -3.15940E-01
         248   4.96000E-01   1.28512E-03  -1.05637E-02  -3.15959E-01
         249   4.98000E-01   1.28515E-03  -1.05545E-02  -3.15997E-01
         250   5.00000E-01   1.28502E-03  -1.04677E-02  -3.16011E-01
         251   5.02000E-01   1.28525E-03  -1.03867E-02  -3.16022E-01
         252   5.04000E-01   1.28544E-03  -1.03887E-02  -3.16119E-01
         253   5.06000E-01   1.28569E-03  -1.03639E-02  -3.16166E-01
         254   5.08000E-01   1.28615E-03  -1.03318E-02  -3.16239E-01
         255   5.10000E-01   1.28656E-03  -1.03839E-02  -3.16371E-01
         256   5.12000E-01   1.28698E-03  -1.04094E-02  -3.16449E-01
         257   5.14000E-01   1.28732E-03  -1.04282E-02  -3.16540E-01
         258   5.16000E-01   1.28776E-03  -1.04812E-02  -3.16615E-01
         259   5.18000E-01   1.28828E-03  -1.05365E-02  -3.16700E-01
         260   5.20000E-01   1.28836E-03  -1.06394E-02  -3.16802E-01
         261   5.22000E-01   1.28858E-03  -1.05564E-02  -3.16770E-01
         262   5.24000E-01   1.28896E-03  -1.05733E-02  -3.16867E-01
         263   5.26000E-01   1.28934E-03  -1.05610E-02  -3.16953E-01
         264   5.28000E-01   1.28987E-03  -1.06496E-02  -3.17055E-01
         265   5.30000E-01   1.28994E-03  -1.06660E-02  -3.17142E-01
         266   5.32000E-01   1.29015E-03  -1.06478E-02  -3.17152E-01
         267   5.34000E-01   1.29049E-03  -1.06725E-02  -3.17215E-01
         268   5.36000E-01   1.29059E-03  -1.07579E-02  -3.17285E-01
         269   5.38000E-01   1.29034E-03  -1.07258E-02  -3.17267E-01
         270   5.40000E-01   1.29022E-03  -1.06727E-02  -3.17221E-01
         271   5.42000E-01   1.29006E-03  -1.07256E-02  -3.17219E-01
         272   5.44000E-01   1.28987E-03  -1.06854E-02  -3.17152E-01
         273   5.46000E-01   1.28974E-03  -1.06844E-02  -3.17124E-01
         274   5.48000E-01   1.28946E-03  -1.07007E-02  -3.17093E-01
         275   5.50000E-01   1.28897E-03  -1.05591E-02  -3.17015E-01
         276   5.52000E-01   1.28888E-03  -1.05015E-02  -3.16963E-01
         277   5.54000E-01   1.28840E-03  -1.04565E-02  -3.16969E-01
         278   5.56000E-01   1.28807E-03  -1.03124E-02  -3.16872E-01
         279   5.58000E-01   1.28798E-03  -1.02621E-02  -3.16861E-01
         280   5.60000E-01   1.28800E-03  -1.01961E-02  -3.16863E-01
         281   5.62000E-01   1.28809E-03  -1.01856E-02  -3.16903E-01
         282   5.64000E-01   1.28807E-03  -1.01367E-02  -3.16929E-01
         283   5.66000E-01   1.28810E-03  -1.01004E-02  -3.16950E-01
         284   5.68000E-01   1.28810E-03  -1.00922E-02  -3.16974E-01
         285   5.70000E-01   1.28839E-03  -1.00907E-02  -3.16979E-01
         286   5.72000E-01   1.28845E-03  -1.00497E-02  -3.17053E-01
         287   5.74000E-01   1.28846E-03  -9.94814E-03  -3.17087E-01
         288   5.76000E-01   1.28874E-03  -9.90243E-03  -3.17141E-01
         289   5.78000E-01   1.28918E-03  -9.93962E-03  -3.17233E-01
         290   5.80000E-01   1.28938E-03  -9.98091E-03  -3.17324E-01
         291   5.82000E-01   1.28957E-03  -9.96801E-03  -3.17353E-01
         292   5.84000E-01   1.28965E-03  -1.00376E-02  -3.17408E-01
         293   5.86000E-01   1.28948E-03  -9.98769E-03  -3.17393E-01
         294   5.88000E-01   1.28938E-03  -9.91119E-03  -3.17377E-01
         295   5.90000E-01   1.28939E-03  -9.90244E-03  -3.17389E-01
         296   5.92000E-01   1.28932E-03  -9.90060E-03  -3.17397E-01
         297   5.94000E-01   1.28926E-03  -9.86836E-03  -3.17380E-01
         298   5.96000E-01   1.28930E-03  -9.86715E-03  -3.17382E-01
         299   5.98000E-01   1.28939E-03  -9.91876E-03  -3.17390E-01
         300   6.00000E-01   1.28928E-03  -9.94596E-03  -3.17388E-01
         301   6.02000E-01   1.28918E-03  -9.93399E-03  -3.17348E-01
         302   6.04000E-01   1.28911E-03  -9.96010E-03  -3.17329E-01
         303   6.06000E-01   1.28884E-03  -9.93449E-03  -3.17298E-01
         304   6.08000E-01   1.28861E-03  -9.91035E-03  -3.17243E-01
         305   6.10000E-01   1.28832E-03  -9.91436E-03  -3.17197E-01
         306   6.12000E-01   1.28800E-03  -9.84352E-03  -3.17122E-01
         307   6.14000E-01   1.28760E-03  -9.78244E-03  -3.17079E-01
         308   6.16000E-01   1.28729E-03  -9.69998E-03  -3.17009E-01
         309   6.18000E-01   1.28710E-03  -9.67911E-03  -3.16973E-01
         310   6.20000E-01   1.28674E-03  -9.65487E-03  -3.16936E-01
         311   6.22000E-01   1.28667E-03  -9.53463E-03  -3.16859E-01
         312   6.24000E-01   1.28665E-03  -9.54989E-03  -3.16899E-01
         313   6.26000E-01   1.28677E-03  -9.56235E-03  -3.16889E-01
         314   6.28000E-01   1.28674E-03  -9.50964E-03  -3.16911E-01
         315   6.30000E-01   1.28699E-03  -9.47618E-03  -3.16931E-01
         316   6.32000E-01   1.28722E-03  -9.54117E-03  -3.17010E-01
         317   6.34000E-01   1.28731E-03  -9.55215E-03  -3.17035E-01
         318   6.36000E-01   1.28740E-03  -9.55057E-03  -3.17052E-01
         319   6.38000E-01   1.28734E-03  -9.49445E-03  -3.17074E-01
         320   6.40000E-01   1.28759E-03  -9.43937E-03  -3.17089E-01
         321   6.42000E-01   1.28797E-03  -9.44996E-03  -3.17177E-01
         322   6.44000E-01   1.28881E-03  -9.51387E-03  -3.17268E-01
         323   6.46000E-01   1.28935E-03  -9.69414E-03  -3.17446E-01
         324   6.48000E-01   1.28932E-03  -9.75990E-03  -3.17490E-01
         325   6.50000E-01   1.28936E-03  -9.75117E-03  -3.17450E-01
         326   6.52000E-01   1.28914E-03  -9.75446E-03  -3.17466E-01
         327   6.54000E-01   1.28923E-03  -9.66492E-03  -3.17409E-01
         328   6.56000E-01   1.28948E-03  -9.69086E-03  -3.17476E-01
         329   6.58000E-01   1.28963E-03  -9.76343E-03  -3.17526E-01
         330   6.60000E-01   1.28967E-03  -9.72904E-03  -3.17525E-01
         331   6.62000E-01   1.28977E-03  -9.65026E-03  -3.17552E-01
         332   6.64000E-01   1.28989E-03  -9.61277E-03  -3.17618E-01
         333   6.66000E-01   1.29022E-03  -9.59277E-03  -3.17666E-01
         334   6.68000E-01   1.29052E-03  -9.66590E-03  -3.17760E-01
         335   6.70000E-01   1.29077E-03  -9.64664E-03  -3.17797E-01
         336   6.72000E-01   1.29113E-03  -9.67293E-03  -3.17869E-01
         337   6.74000E-01   1.29142E-03  -9.68570E-03  -3.17946E-01
         338   6.76000E-01   1.29214E-03  -9.69009E-03  -3.18013E-01
         339   6.78000E-01   1.29286E-03  -9.89907E-03  -3.18190E-01
         340   6.80000E-01   1.29289E-03  -9.99762E-03  -3.18266E-01
         341   6.82000E-01   1.29284E-03  -9.96320E-03  -3.18223E-01
         342   6.84000E-01   1.29275E-03  -9.98012E-03  -3.18229E-01
         343   6.86000E-01   1.29231E-03  -1.00519E-02  -3.18196E-01
         344   6.88000E-01   1.29170E-03  -1.00590E-02  -3.18052E-01
         345   6.90000E-01   1.29121E-03  -9.95846E-03  -3.17896E-01
         346   6.92000E-01   1.29122E-03  -9.96602E-03  -3.17824E-01
         347   6.94000E-01   1.29098E-03  -1.01007E-02  -3.17822E-01
         348   6.96000E-01   1.29066E-03  -1.00286E-02  -3.17695E-01
         349   6.98000E-01   1.28957E-03  -9.94030E-03  -3.17651E-01
         350   7.00000E-01   1.28951E-03  -9.67238E-03  -3.17423E-01
         351   7.02000E-01   1.28971E-03  -9.76990E-03  -3.17541E-01
         352   7.04000E-01   1.28948E-03  -9.69498E-03  -3.17543E-01
         353   7.06000E-01   1.28966E-03  -9.57204E-03  -3.17522E-01
         354   7.08000E-01   1.29062E-03  -9.58795E-03  -3.17628E-01
         355   7.10000E-01   1.29166E-03  -9.78471E-03  -3.17862E-01
         356   7.12000E-01   1.29215E-03  -9.86333E-03  -3.18022E-01
         357   7.14000E-01   1.29263E-03  -9.83017E-03  -3.18107E-01
         358   7.16000E-01   1.29322E-03  -9.83429E-03  -3.18243E-01
         359   7.18000E-01   1.29378E-03  -9.89280E-03  -3.18388E-01
         360   7.20000E-01   1.29441E-03  -9.92209E-03  -3.18499E-01
         361   7.22000E-01   1.29494E-03  -1.00275E-02  -3.18643E-01
         362   7.24000E-01   1.29513E-03  -1.00637E-02  -3.18722E-01
         363   7.26000E-01   1.29513E-03  -1.00459E-02  -3.18750E-01
         364   7.28000E-01   1.29507E-03  -1.00402E-02  -3.18760E-01
         365   7.30000E-01   1.29507E-03  -9.98756E-03  -3.18748E-01
         366   7.32000E-01   1.29504E-03  -1.00101E-02  -3.18773E-01
         367   7.34000E-01   1.29526E-03  -9.95149E-03  -3.18756E-01
         368   7.36000E-01   1.29570E-03  -1.00898E-02  -3.18840E-01
         369   7.38000E-01   1.29559E-03  -1.01715E-02  -3.18879E-01
         370   7.40000E-01   1.29545E-03  -1.00945E-02  -3.18812E-01
         371   7.42000E-01   1.29512E-03  -1.00711E-02  -3.18814E-01
         372   7.44000E-01   1.29500E-03  -9.97410E-03  -3.18745E-01
         373   7.46000E-01   1.29506E-03  -1.00109E-02  -3.18763E-01
         374   7.48000E-01   1.29511E-03  -1.01044E-02  -3.18760E-01
         375   7.50000E-01   1.29492E-03  -1.01705E-02  -3.18725E-01
         376   7.52000E-01   1.29454E-03  -1.02132E-02  -3.18646E-01
         377   7.54000E-01   1.29378E-03  -1.01884E-02  -3.18528E-01
         378   7.56000E-01   1.29304E-03  -1.01080E-02  -3.18350E-01
         379   7.58000E-01   1.29229E-03  -9.99022E-03  -3.18207E-01
         380   7.60000E-01   1.29163E-03  -9.96508E-03  -3.18077E-01
         381   7.62000E-01   1.29108E-03  -9.88925E-03  -3.17924E-01
         382   7.64000E-01   1.29048E-03  -9.86496E-03  -3.17826E-01
         383   7.66000E-01   1.28987E-03  -9.81687E-03  -3.17687E-01
         384   7.68000E-01   1.28975E-03  -9.72726E-03  -3.17560E-01
         385   7.70000E-01   1.28981E-03  -9.74271E-03  -3.17574E-01
         386   7.72000E-01   1.28980E-03  -9.79363E-03  -3.17581E-01
         387   7.74000E-01   1.28995E-03  -9.76384E-03  -3.17553E-01
         388   7.76000E-01   1.29009E-03  -9.86443E-03  -3.17606E-01
         389   7.78000E-01   1.28981E-03  -9.80710E-03  -3.17591E-01
         390   7.80000E-01   1.28925E-03  -9.71155E-03  -3.17548E-01
         391   7.82000E-01   1.28899E-03  -9.52730E-03  -3.17457E-01
         392   7.84000E-01   1.28890E-03  -9.38949E-03  -3.17485E-01
         393   7.86000E-01   1.28932E-03  -9.27786E-03  -3.17529E-01
         394   7.88000E-01   1.28974E-03  -9.23279E-03  -3.17691E-01
         395   7.90000E-01   1.29061E-03  -9.22269E-03  -3.17820E-01
         396   7.92000E-01   1.29196E-03  -9.42401E-03  -3.18040E-01
         397   7.94000E-01   1.29252E-03  -9.62233E-03  -3.18278E-01
         398   7.96000E-01   1.29262E-03  -9.58671E-03  -3.18318E-01
         399   7.98000E-01   1.29264E-03  -9.58892E-03  -3.18363E-01
         400   8.00000E-01   1.29248E-03  -9.58604E-03  -3.18367E-01
         401   8.02000E-01   1.29251E-03  -9.52770E-03  -3.18326E-01
         402   8.04000E-01   1.29293E-03  -9.62426E-03  -3.18363E-01
         403   8.06000E-01   1.29356E-03  -9.74381E-03  -3.18421E-01
         404   8.08000E-01   1.29371E-03  -9.91526E-03  -3.18518E-01
         405   8.10000E-01   1.29326E-03  -9.93621E-03  -3.18471E-01
         406   8.12000E-01   1.29291E-03  -9.79265E-03  -3.18346E-01
         407   8.14000E-01   1.29330E-03  -9.73948E-03  -3.18332E-01
         408   8.16000E-01   1.29350E-03  -9.84180E-03  -3.18454E-01
         409   8.18000E-01   1.29339E-03  -9.81157E-03  -3.18453E-01
         410   8.20000E-01   1.29361E-03  -9.75173E-03  -3.18441E-01
         411   8.22000E-01   1.29365E-03  -9.79968E-03  -3.18527E-01
         412   8.24000E-01   1.29341E-03  -9.65588E-03  -3.18513E-01
         413   8.26000E-01   1.29371E-03  -9.58935E-03  -3.18525E-01
         414   8.28000E-01   1.29422E-03  -9.55730E-03  -3.18632E-01
         415   8.30000E-01   1.29428E-03  -9.62404E-03  -3.18777E-01
         416   8.32000E-01   1.29408E-03  -9.56917E-03  -3.18757E-01
         417   8.34000E-01   1.29433E-03  -9.48067E-03  -3.18735E-01
         418   8.36000E-01   1.29478E-03  -9.50780E-03  -3.18843E-01
         419   8.38000E-01   1.29523E-03  -9.57012E-03  -3.18941E-01
         420   8.40000E-01   1.29582E-03  -9.62119E-03  -3.19023E-01
         421   8.42000E-01   1.29621E-03  -9.73717E-03  -3.19143E-01
         422   8.44000E-01   1.29615E-03  -9.77768E-03  -3.19183E-01
         423   8.46000E-01   1.29634E-03  -9.77599E-03  -3.19148E-01
         424   8.48000E-01   1.29630E-03  -9.89163E-03  -3.19198E-01
         425   8.50000E-01   1.29614E-03  -9.83597E-03  -3.19129E-01
         426   8.52000E-01   1.29582E-03  -9.87420E-03  -3.19117E-01
         427   8.54000E-01   1.29566E-03  -9.84122E-03  -3.19019E-01
         428   8.56000E-01   1.29591E-03  -9.87313E-03  -3.18994E-01
         429   8.58000E-01   1.29591E-03  -9.96930E-03  -3.19040E-01
         430   8.60000E-01   1.29552E-03  -9.96202E-03  -3.18994E-01
         431   8.62000E-01   1.29481E-03  -9.92913E-03  -3.18898E-01
         432   8.64000E-01   1.29441E-03  -9.85210E-03  -3.18738E-01
         433   8.66000E-01   1.29403E-03  -9.81186E-03  -3.18677E-01
         434   8.68000E-01   1.29383E-03  -9.76951E-03  -3.18602E-01
         435   8.70000E-01   1.29387E-03  -9.80902E-03  -3.18572E-01
         436   8.72000E-01   1.29399E-03  -9.92450E-03  -3.18564E-01
         437   8.74000E-01   1.29345E-03  -9.94543E-03  -3.18536E-01
         438   8.76000E-01   1.29311E-03  -9.87432E-03  -3.18390E-01
         439   8.78000E-01   1.29338E-03  -9.91890E-03  -3.18341E-01
         440   8.80000E-01   1.29312E-03  -1.01305E-02  -3.18387E-01
         441   8.82000E-01   1.29229E-03  -1.00977E-02  -3.18214E-01
         442   8.84000E-01   1.29104E-03  -9.97343E-03  -3.18024E-01
         443   8.86000E-01   1.29041E-03  -9.72422E-03  -3.17774E-01
         444   8.88000E-01   1.29032E-03  -9.69236E-03  -3.17741E-01
         445   8.90000E-01   1.29023E-03  -9.65707E-03  -3.17733E-01
         446   8.92000E-01   1.29049E-03  -9.63754E-03  -3.17729E-01
         447   8.94000E-01   1.29065E-03  -9.68072E-03  -3.17805E-01
         448   8.96000E-01   1.29067E-03  -9.63465E-03  -3.17822E-01
         449   8.98000E-01   1.29069E-03  -9.57102E-03  -3.17850E-01
         450   9.00000E-01   1.29107E-03  -9.57986E-03  -3.17887E-01
         451   9.02000E-01   1.29159E-03  -9.60260E-03  -3.17976E-01
         452   9.04000E-01   1.29199E-03  -9.66338E-03  -3.18096E-01
         453   9.06000E-01   1.29224E-03  -9.72905E-03  -3.18165E-01
         454   9.08000E-01   1.29237E-03  -9.71378E-03  -3.18194E-01
         455   9.10000E-01   1.29267E-03  -9.69551E-03  -3.18235E-01
         456   9.12000E-01   1.29281E-03  -9.72491E-03  -3.18319E-01
         457   9.14000E-01   1.29263E-03  -9.67773E-03  -3.18339E-01
         458   9.16000E-01   1.29317E-03  -9.56835E-03  -3.18318E-01
         459   9.18000E-01   1.29408E-03  -9.73311E-03  -3.18509E-01
         460   9.20000E-01   1.29436E-03  -9.75888E-03  -3.18653E-01
         461   9.22000E-01   1.29494E-03  -9.73627E-03  -3.18712E-01
         462   9.24000E-01   1.29532E-03  -9.80775E-03  -3.18867E-01
         463   9.26000E-01   1.29585E-03  -9.83283E-03  -3.18926E-01
         464   9.28000E-01   1.29620E-03  -9.88023E-03  -3.19045E-01
         465   9.30000E-01   1.29623E-03  -9.88890E-03  -3.19109E-01
         466   9.32000E-01   1.29639E-03  -9.82745E-03  -3.19113E-01
         467   9.34000E-01   1.29673E-03  -9.89380E-03  -3.19183E-01
         468   9.36000E-01   1.29689E-03  -9.97945E-03  -3.19237E-01
         469   9.38000E-01   1.29699E-03  -9.95111E-03  -3.19233E-01
         470   9.40000E-01   1.29730E-03  -9.97033E-03  -3.19272E-01
         471   9.42000E-01   1.29755E-03  -9.98932E-03  -3.19340E-01
         472   9.44000E-01   1.29789E-03  -1.00198E-02  -3.19393E-01
         473   9.46000E-01   1.29801E-03  -1.00408E-02  -3.19462E-01
         474   9.48000E-01   1.29786E-03  -1.00064E-02  -3.19482E-01
         475   9.50000E-01   1.29769E-03  -9.95832E-03  -3.19461E-01
         476   9.52000E-01   1.29787E-03  -9.95395E-03  -3.19442E-01
         477   9.54000E-01   1.29800E-03  -1.00241E-02  -3.19490E-01
         478   9.56000E-01   1.29818E-03  -1.00144E-02  -3.19489E-01
         479   9.58000E-01   1.29864E-03  -1.00441E-02  -3.19539E-01
         480   9.60000E-01   1.29934E-03  -1.01625E-02  -3.19638E-01
         481   9.62000E-01   1.29969E-03  -1.03905E-02  -3.19755E-01
         482   9.64000E-01   1.29959E-03  -1.04769E-02  -3.19727E-01
         483   9.66000E-01   1.29932E-03  -1.04792E-02  -3.19659E-01
         484   9.68000E-01   1.29918E-03  -1.04370E-02  -3.19590E-01
         485   9.70000E-01   1.29882E-03  -1.03790E-02  -3.19577E-01
         486   9.72000E-01   1.29887E-03  -1.02235E-02  -3.19514E-01
         487   9.74000E-01   1.29954E-03  -1.03234E-02  -3.19606E-01
         488   9.76000E-01   1.29981E-03  -1.04894E-02  -3.19724E-01
         489   9.78000E-01   1.29965E-03  -1.05267E-02  -3.19707E-01
         490   9.80000E-01   1.29939E-03  -1.05001E-02  -3.19648E-01
         491   9.82000E-01   1.29954E-03  -1.05263E-02  -3.19598E-01
         492   9.84000E-01   1.29921E-03  -1.06424E-02  -3.19623E-01
         493   9.86000E-01   1.29875E-03  -1.05934E-02  -3.19481E-01
         494   9.88000E-01   1.29848E-03  -1.06093E-02  -3.19390E-01
         495   9.90000E-01   1.29790E-03  -1.06632E-02  -3.19315E-01
         496   9.92000E-01   1.29728E-03  -1.06110E-02  -3.19143E-01
         497   9.94000E-01   1.29598E-03  -1.05913E-02  -3.19015E-01
         498   9.96000E-01   1.29481E-03  -1.03940E-02  -3.18699E-01
         499   9.98000E-01   1.29401E-03  -1.02874E-02  -3.18505E-01
         500   1.00000E+00   1.29309E-03  -1.02179E-02  -3.18359E-01
